NumDynamicObstacles,Algorithm,MonteCarloIndex,ScenarioSeed,Success,Collision,TriggerRatePercent,AvgCPUms,MaxCPUms,StdCPUms,MinDistanceMeter,MinClearanceMeter,ControlEffort,TotalClimbMeter,EstEnergyWh,Steps
1,Proposed ET-NMPC,1,13027,1,0,75.3731343283582,1874.81008656716,2826.5495,1079.37083786987,9.66092850835572,7.36092850835572,102.370422390271,10.5224019962754,0.218929547600797,134
1,Proposed ET-NMPC,2,13028,1,0,75,1838.45275,2769.8603,1068.66555608163,6.83750650097919,4.53750650097919,100.563287877553,10.3907245032633,0.215774267052999,132
1,Proposed ET-NMPC,3,13029,1,0,75,1811.20167954545,2693.9207,1051.10064425901,5.35321769428535,3.05321769428535,99.9211279918885,10.4017131811993,0.215811329657391,132
1,Proposed ET-NMPC,4,13030,1,0,75.7575757575758,1825.86095151515,2547.1368,1037.73844870527,6.12642424916541,3.82642424916541,100.921834754669,10.3558348638966,0.215619250303195,132
1,Proposed ET-NMPC,5,13031,1,0,75.187969924812,1811.10945037594,2550.7302,1045.26011939515,6.89546373002457,4.59546373002457,101.696696354908,10.3984439979494,0.217085514976085,133
1,Proposed ET-NMPC,6,13032,1,0,75.7575757575758,1834.65271060606,2557.9248,1042.93920281157,8.01650936501709,5.71650936501709,100.396342484989,10.417054520025,0.215893555947974,132
1,Proposed ET-NMPC,7,13033,1,0,76.1194029850746,1846.1849619403,2677.4449,1039.46790258919,10.1896850495649,7.88968504956492,102.369659446768,10.5222231667508,0.218928695257146,134
1,Proposed ET-NMPC,8,13034,1,0,76.1194029850746,1841.52737910448,2631.3617,1036.69443223855,8.50811516644811,6.20811516644811,102.388206540234,10.5548986469446,0.219081748586542,134
1,Proposed ET-NMPC,9,13035,1,0,75.3731343283582,1818.04636044776,2565.5192,1044.08882991168,9.91253755492232,7.61253755492232,102.36964880028,10.5222222839233,0.218928690896492,134
1,Proposed ET-NMPC,10,13036,1,0,75.9398496240601,1829.05090902256,2547.068,1034.37148856128,8.3833047667178,6.0833047667178,101.291884745932,10.4418554657854,0.217279312733729,133
1,Proposed ET-NMPC,11,13037,1,0,75.3731343283582,1813.36304179104,2557.4748,1041.31988458965,7.43350147464278,5.13350147464278,102.427302156471,10.5760548386711,0.219181447016507,134
1,Proposed ET-NMPC,12,13038,1,0,74.8091603053435,1802.86739770992,2606.167,1051.00285977763,5.5644908635648,3.2644908635648,100.652480293922,10.5368829466311,0.215209017835,131
1,Proposed ET-NMPC,13,13039,1,0,76.1194029850746,1837.5761358209,2582.5733,1034.18182758504,7.78462370173705,5.48462370173705,102.401661894745,10.5569132373959,0.219091458609814,134
1,Proposed ET-NMPC,14,13040,1,0,75.3731343283582,1819.79235373134,2584.2955,1045.10946657629,9.96624288009687,7.66624288009687,102.369611161541,10.5222362867308,0.218928755473191,134
1,Proposed ET-NMPC,15,13041,1,0,75.3731343283582,1815.13596567164,2559.2567,1042.41802875347,8.17916094277213,5.87916094277213,102.372198347208,10.5226808914141,0.218930889905226,134
1,Proposed ET-NMPC,16,13042,1,0,75.5725190839695,1816.8068480916,2594.5446,1037.78485340516,7.34821926591585,5.04821926591585,100.676968667331,10.3975828479464,0.214558831560078,131
1,Proposed ET-NMPC,17,13043,1,0,75.3731343283582,1818.71240895522,2572.6705,1044.63196464132,9.8828398409847,7.5828398409847,102.369775279828,10.5222356124444,0.218928755970383,134
1,Proposed ET-NMPC,18,13044,1,0,75.187969924812,1833.3493075188,2742.0502,1059.15806814422,6.75730877508056,4.45730877508056,102.205064151496,10.4112008422551,0.217156404725203,133
1,Proposed ET-NMPC,19,13045,1,0,76.1194029850746,1886.38648059701,3143.1675,1070.53336983832,8.15056801964197,5.85056801964198,102.402191359681,10.5589680764796,0.219101069409707,134
1,Proposed ET-NMPC,20,13046,1,0,75,1805.17218333333,2564.8816,1047.09104303715,6.13414842256057,3.83414842256057,101.164281096303,10.3097329896356,0.215409276387057,132
1,Proposed ET-NMPC,21,13047,1,0,75.187969924812,1821.13244511278,2616.7131,1051.43030233354,7.21662354388404,4.91662354388404,102.155946354633,10.6567833753114,0.218302534480169,133
1,Proposed ET-NMPC,22,13048,1,0,75.5725190839695,1821.55602977099,2576.5808,1040.51540045318,6.49164626120869,4.19164626120869,98.9756375820643,10.310044574691,0.214112095411849,131
1,Proposed ET-NMPC,23,13049,1,0,76.1194029850746,1839.10084328358,2617.0668,1035.18913275447,7.82586325047477,5.52586325047477,102.366255159923,10.5449150623169,0.219034623175615,134
1,Proposed ET-NMPC,24,13050,1,0,75.187969924812,1812.77122706767,2598.7952,1046.19683621995,6.01227733346303,3.71227733346303,100.640874017061,10.3867446272091,0.217007399482722,133
1,Proposed ET-NMPC,25,13051,1,0,76.1194029850746,1835.09859552239,2573.6055,1032.65173480526,8.137014753151,5.837014753151,102.399116630034,10.5575709390729,0.219094474454781,134
1,Proposed ET-NMPC,26,13052,1,0,75.3731343283582,1824.58350447761,2765.0504,1048.57297316269,7.08443339613194,4.78443339613194,102.426244943987,10.5458576482928,0.219040359504987,134
1,Proposed ET-NMPC,27,13053,1,0,75.7352941176471,1829.71953014706,2652.823,1040.67860605891,7.40586527917004,5.10586527917004,104.138559500194,10.5541135678228,0.221616977877945,136
1,Proposed ET-NMPC,28,13054,1,0,75,1812.07732575758,2757.1052,1051.54072931037,6.74850815396483,4.44850815396483,100.478215060625,10.4579018569903,0.21608619075551,132
1,Proposed ET-NMPC,29,13055,1,0,76.1194029850746,1834.93084925373,2590.2669,1032.7148208854,8.80388724956017,6.50388724956017,102.404199088139,10.5559182410842,0.21908686693769,134
1,Proposed ET-NMPC,30,13056,1,0,75.187969924812,1810.4680887218,2525.642,1044.65237635743,6.32872313248078,4.02872313248078,101.683631992208,10.427929938064,0.217222966120021,133
1,Proposed ET-NMPC,31,13057,1,0,75.5725190839695,1826.82733816794,3389.8167,1047.17930494603,6.24992455219194,3.94992455219194,98.9631206747649,10.4410684690768,0.214723886022126,131
1,Proposed ET-NMPC,32,13058,1,0,75.7575757575758,1839.96373484849,2910.9593,1047.3439734198,7.69073258954518,5.39073258954518,100.278072298845,10.5455321467318,0.216491101777802,132
1,Proposed ET-NMPC,33,13059,1,0,76.1194029850746,1824.19128059701,2533.3496,1026.46853017713,8.80833792749592,6.50833792749592,102.401095274332,10.5557968136939,0.21908623072467,134
1,Proposed ET-NMPC,34,13060,1,0,75.5725190839695,1891.74673435114,3124.0298,1088.58960712257,6.05761901566628,3.75761901566628,98.5957181285726,10.3509411883585,0.214294698366888,131
1,Proposed ET-NMPC,35,13061,1,0,75.3731343283582,1905.46126119403,3109.7348,1111.7499610817,9.63727412199757,7.33727412199757,102.369168414917,10.522202337609,0.218928587043479,134
1,Proposed ET-NMPC,36,13062,1,0,76.1194029850746,1817.40942985075,2508.2178,1022.49384996035,6.85951388009055,4.55951388009056,103.375939357201,11.2207341648412,0.22221410126687,134
1,Proposed ET-NMPC,37,13063,1,0,75.3731343283582,1805.53277910448,2560.3444,1036.83024322162,7.54339679284744,5.24339679284744,102.369861714829,10.5463956550092,0.219041619804285,134
1,Proposed ET-NMPC,38,13064,1,0,75.187969924812,1805.14841052632,3359.3684,1045.4579579266,6.23378464462816,3.93378464462816,100.852604915178,10.4183812592697,0.217159892880704,133
1,Proposed ET-NMPC,39,13065,1,0,75.5725190839695,1810.10129541985,2538.2243,1034.04977860698,7.21069371371084,4.91069371371084,101.349410187074,10.3070818079193,0.214151005560834,131
1,Proposed ET-NMPC,40,13066,1,0,74.8091603053435,1794.81424274809,2559.6716,1046.41408640707,5.45832460852382,3.15832460852382,100.438467728082,10.6637944091805,0.215797119832399,131
1,Proposed ET-NMPC,41,13067,1,0,74.8091603053435,1790.91729389313,2562.5447,1044.13877073282,6.07663550672148,3.77663550672148,98.9548665149374,10.426529813723,0.214655786306343,131
1,Proposed ET-NMPC,42,13068,1,0,74.8091603053435,1786.39457099237,2502.683,1041.35036754116,5.24887840092489,2.94887840092489,99.7114173160031,10.648636042683,0.215710151930223,131
1,Proposed ET-NMPC,43,13069,1,0,75.187969924812,1804.91768646617,2511.8094,1041.62431707787,6.42747093676295,4.12747093676295,102.396849708045,10.8557234800116,0.219237222377122,133
1,Proposed ET-NMPC,44,13070,1,0,75.7575757575758,1816.62854242424,2567.8475,1032.64430285693,6.60458939365939,4.30458939365939,101.501293582296,10.3311283924381,0.215516712649361,132
1,Proposed ET-NMPC,45,13071,1,0,75.187969924812,1802.63893007519,2653.728,1040.56395854304,6.32134109237776,4.02134109237776,101.029169601497,10.4027492705883,0.217090792821845,133
1,Proposed ET-NMPC,46,13072,1,0,75.9398496240601,1822.25953458647,2589.7197,1030.61441672115,6.46789018491326,4.16789018491326,101.494224366741,10.378878882468,0.216989618559108,133
1,Proposed ET-NMPC,47,13073,1,0,75.3731343283582,1815.70417089552,3023.8688,1044.27466258444,9.20577783001487,6.90577783001487,102.369386487445,10.522293901661,0.218929019624465,134
1,Proposed ET-NMPC,48,13074,1,0,75.187969924812,1802.50446390977,2546.5434,1040.21335660788,6.87442205904794,4.57442205904794,101.529581526155,10.4240352995377,0.217201349250644,133
1,Proposed ET-NMPC,49,13075,1,0,74.0458015267176,1774.79461526718,2589.8397,1055.65850307241,5.56884448204831,3.26884448204831,100.234908468106,10.4388228834716,0.214741657880334,131
1,Proposed ET-NMPC,50,13076,1,0,75.3731343283582,1806.67496641791,2586.3739,1037.46382046141,9.33354148121985,7.03354148121985,102.211724413439,10.4836548640398,0.218745016518504,134
1,Proposed ET-NMPC,51,13077,1,0,75.3731343283582,1808.03059328358,2589.142,1038.41639380729,8.01211996003157,5.71211996003157,102.360745703091,10.523361943996,0.218933816890513,134
1,Proposed ET-NMPC,52,13078,1,0,75.3731343283582,1805.85602164179,2521.2653,1036.97767346411,10.7235342299776,8.42353422997759,102.36965251557,10.5222241518977,0.218928699705163,134
1,Proposed ET-NMPC,53,13079,1,0,75.3731343283582,1804.43689776119,2539.6287,1036.27178606748,7.4669940857104,5.1669940857104,102.506048063484,10.552535658085,0.219073328753385,134
1,Proposed ET-NMPC,54,13080,1,0,75.187969924812,1799.74329699248,2540.774,1038.69571093313,5.70565722654905,3.40565722654905,102.045570441055,10.9353350750536,0.219601316050885,133
1,Proposed ET-NMPC,55,13081,1,0,75.7575757575758,1812.37053484848,2567.2548,1029.97976989852,6.93558855652049,4.63558855652049,100.513384526709,10.5527428153066,0.216530015061621,132
1,Proposed ET-NMPC,56,13082,1,0,76.2962962962963,1828.71848518519,2611.8604,1024.36565598404,6.54317377215762,4.24317377215762,104.019087944253,11.42356489693,0.224425902734737,135
1,Proposed ET-NMPC,57,13083,1,0,75.187969924812,1799.61256090226,2559.6748,1038.65902464309,6.98786778703948,4.68786778703948,101.240686599225,10.4455769468705,0.217295559630205,133
1,Proposed ET-NMPC,58,13084,1,0,75.5555555555556,1814.46707407407,2572.865,1036.82549185843,7.55934491034975,5.25934491034975,104.357632797348,10.7975543257104,0.221509062285284,135
1,Proposed ET-NMPC,59,13085,1,0,74.8091603053435,1793.78527633588,2543.8425,1045.83517250101,4.78573401053988,2.48573401053988,100.931842902247,10.2916161589674,0.214069479613448,131
1,Proposed ET-NMPC,60,13086,1,0,75.9398496240601,1819.32042255639,2567.9302,1028.99354160321,7.75114134581891,5.45114134581891,101.620908214646,10.6325450452489,0.218177417116147,133
1,Proposed ET-NMPC,61,13087,1,0,75.5725190839695,1807.45764656488,2579.4463,1032.49758002073,6.3247269310364,4.0247269310364,99.3496152070185,10.4075477288579,0.214575885045916,131
1,Proposed ET-NMPC,62,13088,1,0,75.3731343283582,1811.09995447761,2605.5586,1040.23462221063,8.54443040471021,6.24443040471021,102.376382374769,10.5230408928846,0.218932664604772,134
1,Proposed ET-NMPC,63,13089,1,0,75,1806.21444469697,3288.3648,1050.58528530992,4.30908332701464,2.00908332701464,101.39399745157,10.411716403506,0.215890789428318,132
1,Proposed ET-NMPC,64,13090,1,0,75.3731343283582,1811.6024858209,2568.1018,1040.47987307077,7.72977130263358,5.42977130263358,102.400967006844,10.5261105436106,0.218947550584035,134
1,Proposed ET-NMPC,65,13091,1,0,75.187969924812,1800.04708345865,2556.681,1038.81651480558,6.35393411951677,4.05393411951677,101.309290243794,10.3623253963923,0.21690818048412,133
1,Proposed ET-NMPC,66,13092,1,0,75.3731343283582,1809.0566358209,2530.8898,1039.04695587547,6.96752482931585,4.66752482931585,102.562555751524,10.4603488106273,0.218643940206663,134
1,Proposed ET-NMPC,67,13093,1,0,75.3731343283582,1806.93606119403,2630.8121,1037.97945542871,8.37890974750881,6.07890974750881,102.372382324483,10.5224757991416,0.218929935919709,134
1,Proposed ET-NMPC,68,13094,1,0,75.3731343283582,1867.63495820896,2966.3583,1076.34999357034,7.01758661631824,4.71758661631824,102.657691072835,10.5900731460913,0.21925205229201,134
1,Proposed ET-NMPC,69,13095,1,0,75.9398496240601,1876.86934661654,2874.0872,1064.64353479186,8.10873526769987,5.80873526769987,101.279062728094,10.4427423493926,0.217283170813422,133
1,Proposed ET-NMPC,70,13096,1,0,75.3731343283582,1819.81484776119,2599.6086,1045.37337182551,6.99876852656763,4.69876852656764,102.390706333394,10.5337779562312,0.218983140339454,134
1,Proposed ET-NMPC,71,13097,1,0,75.9398496240601,1860.02609924812,2901.3876,1054.69001896887,9.94190274907295,7.64190274907295,101.281561016756,10.4405569188191,0.217273017248126,133
1,Proposed ET-NMPC,72,13098,1,0,75.3731343283582,1812.35752761194,2596.8285,1040.89702333551,8.04890417904294,5.74890417904294,102.491696451686,10.6543722190216,0.219548732049054,134
1,Proposed ET-NMPC,73,13099,1,0,76.1194029850746,1838.17545746269,2619.5943,1034.91646643411,7.09659756320372,4.79659756320372,102.834907339528,10.6450960913567,0.219513026189867,134
1,Proposed ET-NMPC,74,13100,1,0,75.187969924812,1800.77462556391,2569.9082,1039.36026708104,7.68432374650036,5.38432374650036,101.248470785158,10.4501615009078,0.217317149028832,133
1,Proposed ET-NMPC,75,13101,1,0,75.3731343283582,1810.54560223881,2555.6217,1039.79223631919,8.73939634102321,6.43939634102321,102.370988511536,10.5237888707332,0.218936038866237,134
1,Proposed ET-NMPC,76,13102,1,0,74.8091603053435,1794.64801755725,2543.6933,1046.36106613169,5.18992815316029,2.88992815316029,100.95169265938,10.3974317110918,0.214564230512658,131
1,Proposed ET-NMPC,77,13103,1,0,75.3731343283582,1810.12607910448,2572.4195,1039.40585976388,8.43532927545242,6.13532927545242,102.375127592283,10.5242693010814,0.218938375141864,134
1,Proposed ET-NMPC,78,13104,1,0,75,1808.13070882353,2552.4818,1048.73376430531,6.18500046397751,3.88500046397751,104.926354402673,10.414730514516,0.220983366453743,136
1,Proposed ET-NMPC,79,13105,1,0,75.187969924812,1809.45781353383,2547.1454,1044.53586577973,6.67156114406658,4.37156114406658,101.957225871751,10.5766926864611,0.217923980537238,133
1,Proposed ET-NMPC,80,13106,1,0,75.3731343283582,1812.60420298507,2538.0322,1040.88010098177,7.03656181871568,4.73656181871568,102.061040187729,10.4316602838189,0.218498779012551,134
1,Proposed ET-NMPC,81,13107,1,0,75.3731343283582,1812.0304119403,2532.5694,1040.5594158407,6.79702749221743,4.49702749221743,102.128439952398,10.4188596090252,0.218440479347134,134
1,Proposed ET-NMPC,82,13108,1,0,75.9398496240601,1826.34317969925,2563.4555,1032.82311367414,7.76223847949768,5.46223847949768,101.4141428015,10.4341903616575,0.217246222592983,133
1,Proposed ET-NMPC,83,13109,1,0,75.3731343283582,1810.45376417911,2555.0694,1039.55460695714,6.40799746327768,4.10799746327768,104.006366761134,11.1499275455426,0.221897342700298,134
1,Proposed ET-NMPC,84,13110,1,0,75.187969924812,1802.43989022556,2570.8224,1040.30763715493,7.48382607150287,5.18382607150287,101.331020971679,10.4249304293929,0.217201118329059,133
1,Proposed ET-NMPC,85,13111,1,0,75.9398496240601,1819.02394285714,2584.913,1028.75103439628,7.89441113276434,5.59441113276434,101.347957589219,10.4435802298732,0.217288615909152,133
1,Proposed ET-NMPC,86,13112,1,0,74.8091603053435,1795.13982061069,2531.8989,1046.61036994387,6.3164556429315,4.0164556429315,99.3586221835948,10.3393543752816,0.214257524820673,131
1,Proposed ET-NMPC,87,13113,1,0,75.3731343283582,1810.61941641791,2568.4238,1039.88598667423,10.21579167194,7.91579167193999,102.369745900653,10.522227980551,0.218928719665668,134
1,Proposed ET-NMPC,88,13114,1,0,74.8091603053435,1796.68368320611,2578.8884,1047.61965732686,5.86511880531551,3.56511880531551,100.510020815374,10.4327116728134,0.214719223403977,131
1,Proposed ET-NMPC,89,13115,1,0,75.3731343283582,1812.40582238806,2599.8475,1040.9373569678,9.82923847290751,7.52923847290751,102.369697367231,10.5222314650865,0.218928734864906,134
1,Proposed ET-NMPC,90,13116,1,0,75.3731343283582,1815.03080522388,2540.8629,1042.39905116402,8.08883327302793,5.78883327302793,102.3717607302,10.5216380538757,0.218926008639332,134
1,Proposed ET-NMPC,91,13117,1,0,75.7352941176471,1824.35112573529,2575.6334,1037.66210226219,6.83695088290655,4.53695088290655,103.835628864173,10.5090985492437,0.221399961642099,136
1,Proposed ET-NMPC,92,13118,1,0,74.8091603053435,1800.41148625954,2549.9993,1049.8857802977,6.27640740661193,3.97640740661193,99.8004045204972,10.4371854107219,0.214724352900066,131
1,Proposed ET-NMPC,93,13119,1,0,75.187969924812,1806.69580150376,2544.7692,1042.76890877843,5.91387204172448,3.61387204172448,101.110396188098,10.3864435482587,0.217016426839935,133
1,Proposed ET-NMPC,94,13120,1,0,75.3731343283582,1811.76447313433,2564.2008,1040.5502378307,9.90359834023444,7.60359834023444,102.369678608898,10.5222317287648,0.218928735679808,134
1,Proposed ET-NMPC,95,13121,1,0,75.3731343283582,1818.85919104478,2987.2485,1045.74301536783,7.34264804233581,5.04264804233581,102.356476129458,10.538471484633,0.219004305150932,134
1,Proposed ET-NMPC,96,13122,1,0,75.7352941176471,1821.42947941176,2551.1253,1035.65722820517,7.01856761724581,4.71856761724581,105.449522421802,10.9115365530743,0.223315786332703,136
1,Proposed ET-NMPC,97,13123,1,0,76.1194029850746,1832.16281791045,2533.3937,1030.91690327281,8.34429457398221,6.04429457398221,102.409083766203,10.5580505109922,0.219096936232662,134
1,Proposed ET-NMPC,98,13124,1,0,75.3731343283582,1811.57247537313,2561.69,1040.41303560967,8.44885726275941,6.14885726275941,102.374232973301,10.5229468515756,0.218932177533037,134
1,Proposed ET-NMPC,99,13125,1,0,75.9398496240601,1825.0408518797,2548.9884,1032.06294387486,9.3790314842974,7.0790314842974,101.619751873559,10.6277650361819,0.218155061948751,133
1,Proposed ET-NMPC,100,13126,1,0,75.3731343283582,1813.4660119403,2551.9983,1041.41919898684,7.17779270494587,4.87779270494587,102.433079978989,10.4938825476046,0.218797713424296,134
1,C-NMPC,1,14027,1,0,100,2399.93580839695,2545.3869,50.29652813137,6.46872514982093,4.16872514982093,112.604780619948,10.3788350815307,0.214736315196229,131
1,C-NMPC,2,14028,1,0,100,2401.36347555556,2586.9092,55.4261147329952,7.01896445818506,4.71896445818506,116.855049017846,10.845616431677,0.222011301340754,135
1,C-NMPC,3,14029,1,0,100,2398.05662835821,2561.1405,49.4441629986866,7.06221546384389,4.76221546384389,116.440024242532,10.6873214603059,0.220012614915993,134
1,C-NMPC,4,14030,1,0,100,2395.7170075188,2524.6275,47.4292049915908,8.10294021012,5.80294021012,114.213087182709,10.6215627598141,0.218405940353478,133
1,C-NMPC,5,14031,1,0,100,2398.73423712121,2559.7242,49.0771109424414,5.76645379249218,3.46645379249218,113.850550691406,10.2984541831947,0.215638505350511,132
1,C-NMPC,6,14032,1,0,100,2399.27678029197,2561.1511,51.0721165091606,6.77436337230813,4.47436337230813,118.804147942974,10.9159613576829,0.224883225947401,137
1,C-NMPC,7,14033,1,0,100,2394.35005955882,2523.0872,49.3200292562549,8.46903110836593,6.16903110836593,117.652539110244,10.8073416158886,0.223100225274768,136
1,C-NMPC,8,14034,1,0,100,2392.35814274809,2538.3437,47.2342194842713,5.61954925165334,3.31954925165334,112.619964699308,10.477318111353,0.215196709059527,131
1,C-NMPC,9,14035,1,0,100,2398.11560984848,2598.7243,54.725714800886,5.40181733733051,3.10181733733051,113.741272832556,10.2878362013336,0.21558647580981,132
1,C-NMPC,10,14036,1,0,100,2394.88821865672,2589.9615,52.6927049410099,9.57327270137404,7.27327270137404,114.963522253126,10.4990531583091,0.219100321835631,134
1,C-NMPC,11,14037,1,0,100,2395.4076924812,2576.3958,48.3779079836671,9.73083734098512,7.43083734098512,114.183612937419,10.6124690426804,0.21836280472021,133
1,C-NMPC,12,14038,1,0,100,2389.22191212121,2603.4193,48.9529003358027,6.44164693012709,4.1416469301271,114.228711745496,10.5640663583047,0.216887697233219,132
1,C-NMPC,13,14039,1,0,100,2396.92658045113,2533.3617,47.749505569175,7.14669602279895,4.84669602279895,114.306881557366,10.5978635480807,0.218297315498103,133
1,C-NMPC,14,14040,1,0,100,2399.87619029851,2578.5918,52.0764247603648,8.95935196781876,6.65935196781876,114.96384156173,10.4990478376614,0.219100304076352,134
1,C-NMPC,15,14041,1,0,100,2404.0905280303,2979.5283,75.2936453600304,5.54125275564828,3.24125275564828,113.972157215791,10.2374011805862,0.215356002976962,132
1,C-NMPC,16,14042,1,0,100,2396.80411515152,2555.2504,54.0414908517796,9.05447199532276,6.75447199532276,113.219210391617,10.4140183470674,0.216164325303019,132
1,C-NMPC,17,14043,1,0,100,2390.71747481481,2558.2501,46.1805256301617,7.38404870001827,5.08404870001827,116.874228776367,10.9504975288886,0.222501672111728,135
1,C-NMPC,18,14044,1,0,100,2390.74216119403,2568.2151,44.6210074913857,7.12955948887201,4.82955948887201,115.114501130634,10.5140824571736,0.219173885217922,134
1,C-NMPC,19,14045,1,0,100,2390.66697633588,2625.6101,66.4669881693159,5.85609977742459,3.55609977742459,111.72032225497,10.593752149136,0.215720630295995,131
1,C-NMPC,20,14046,1,0,100,2403.2583261194,2573.9859,45.7398536878279,7.27999728583188,4.97999728583188,115.090694841101,10.4524327767432,0.218885364110683,134
1,C-NMPC,21,14047,1,0,100,2395.3136259542,3148.969,86.3181020294723,5.89035063294312,3.59035063294312,112.332159118978,10.4889244852302,0.215244531726505,131
1,C-NMPC,22,14048,1,0,100,2392.05503731343,2518.5959,43.8519134995153,8.17431572551676,5.87431572551676,115.024019011075,10.5558552346533,0.219367013050381,134
1,C-NMPC,23,14049,1,0,100,2396.56144104478,2560.6341,48.8824342867156,8.37826384980455,6.07826384980454,115.078462182411,10.5482891630391,0.219332878535521,134
1,C-NMPC,24,14050,1,0,100,2402.17677878788,2759.891,62.9384591917296,5.93572040618514,3.63572040618514,113.080499742797,10.3463710549783,0.215845233351112,132
1,C-NMPC,25,14051,1,0,100,2397.40696940298,2553.4159,46.9234704567816,9.90525548757473,7.60525548757473,114.963315834228,10.4990479321978,0.219100292835139,134
1,C-NMPC,26,14052,1,0,100,2397.08922296296,2555.5976,48.8347164930957,6.92411944551384,4.62411944551384,117.302855643127,10.8864434188645,0.222211972953527,135
1,C-NMPC,27,14053,1,0,100,2398.39050746269,2561.4033,49.5071684259521,8.11813588978347,5.81813588978347,114.975122651737,10.5006952317794,0.219108250451192,134
1,C-NMPC,28,14054,1,0,100,2394.99776893939,2546.5695,48.5519455804884,6.71425855719045,4.41425855719045,112.988039797135,10.3744806195048,0.215974490508512,132
1,C-NMPC,29,14055,1,0,100,2395.76783111111,2613.2606,51.7845231789851,8.31761800517086,6.01761800517086,117.870609561174,10.9669555099524,0.222600696189915,135
1,C-NMPC,30,14056,1,0,100,2405.19820300752,2613.0047,49.6710365972326,7.02255651176975,4.72255651176975,113.930689112031,10.3943475464612,0.217338245201276,133
1,C-NMPC,31,14057,1,0,100,2457.39616090226,3851.6599,286.786944859906,9.52650589342466,7.22650589342466,114.183729341258,10.6125794445501,0.21836332304141,133
1,C-NMPC,32,14058,1,0,100,2402.43638283582,2563.1009,50.562467616208,9.05147923038828,6.75147923038828,114.963499167596,10.4990569041699,0.21910033882114,134
1,C-NMPC,33,14059,1,0,100,2406.65613925926,2953.495,72.0836438290508,6.9743398370687,4.6743398370687,117.54117717264,11.2591005401534,0.223958110111252,135
1,C-NMPC,34,14060,1,0,100,2396.82821777778,2559.2869,48.5457290618254,7.76848946215707,5.46848946215707,116.863488709917,10.7990027263165,0.221793736294426,135
1,C-NMPC,35,14061,1,0,100,2395.94056119403,2593.5057,50.8577129607736,5.5064076599466,3.2064076599466,115.781504349181,10.898621560683,0.220985054466633,134
1,C-NMPC,36,14062,1,0,100,2397.50252781955,2570.6349,47.5622225477407,7.41475236668355,5.11475236668355,114.252398614538,10.6184656515698,0.21839234602091,133
1,C-NMPC,37,14063,1,0,100,2396.63777058824,2551.9364,52.4369724006444,7.89931178587149,5.59931178587149,117.677825401191,10.7994223813699,0.223063793053949,136
1,C-NMPC,38,14064,1,0,100,2395.24455970149,2530.6244,45.6125965792348,6.63552793577054,4.33552793577054,115.22168832338,10.4443498665467,0.218850516339324,134
1,C-NMPC,39,14065,1,0,100,2395.93526717557,2545.8678,47.9776215603779,5.07808239190614,2.77808239190614,113.175017881746,10.3023303349237,0.21439160067623,131
1,C-NMPC,40,14066,1,0,100,2398.96311567164,2578.297,47.5115786103978,8.25838346832853,5.95838346832853,115.01949063247,10.5550480912997,0.219363141907222,134
1,C-NMPC,41,14067,1,0,100,2392.61804166667,2582.9679,47.3092014474599,6.35493852357826,4.05493852357826,113.106369680182,10.4023204940094,0.216107172046654,132
1,C-NMPC,42,14068,1,0,100,2393.28067985075,2554.3572,48.8010363657422,8.55108171116085,6.25108171116085,114.966544128837,10.4993705164365,0.219101871504248,134
1,C-NMPC,43,14069,1,0,100,2439.59505441176,2878.0372,100.245154828475,8.84808540858594,6.54808540858594,117.63119582357,10.8011538682915,0.22307084535859,136
1,C-NMPC,44,14070,1,0,100,2412.87824850746,2810.7306,67.6956208164692,8.93868555799654,6.63868555799654,114.963056574402,10.4990104665217,0.21910011205558,134
1,C-NMPC,45,14071,1,0,100,2399.20723834586,2600.1984,53.2628443826374,8.40804966914723,6.10804966914723,113.886810731586,10.4000757719023,0.217364029122144,133
1,C-NMPC,46,14072,1,0,100,2395.56722137405,2590.4036,54.0594372591289,6.24011540482536,3.94011540482536,113.439485570254,10.4856270117144,0.215253735068983,131
1,C-NMPC,47,14073,1,0,100,2398.10783863636,2607.2302,52.9916372571343,7.1156338397875,4.8156338397875,113.286253955513,10.3939873666644,0.216072241865826,132
1,C-NMPC,48,14074,1,0,100,2388.91576240601,2553.9746,43.5152619973983,9.87918193802795,7.57918193802795,114.18361798658,10.6124637414876,0.21836278006827,133
1,C-NMPC,49,14075,1,0,100,2397.11266791045,2606.1752,50.7832480624154,7.47153026990596,5.17153026990596,115.105204100645,10.4362493901782,0.218810087004291,134
1,C-NMPC,50,14076,1,0,100,2400.99357173913,2576.253,49.3139481244863,6.35865054333008,4.05865054333008,120.476232161612,11.1752378809636,0.227381575133236,138
1,C-NMPC,51,14077,1,0,100,2399.92591791045,2569.8567,49.8661853769385,8.44307840869798,6.14307840869798,115.017259695529,10.5545078225013,0.219360568503744,134
1,C-NMPC,52,14078,1,0,100,2394.8019619403,2579.4255,47.3583315804805,7.55878236029899,5.25878236029899,115.089691415019,10.5515097936976,0.219348173020099,134
1,C-NMPC,53,14079,1,0,100,2395.14509541985,2539.5154,47.2713549460833,4.84926101445041,2.54926101445041,113.062286493042,10.7679451740339,0.216564181996959,131
1,C-NMPC,54,14080,1,0,100,2394.5687962963,2559.8829,47.864145369177,8.01504868897186,5.71504868897186,116.878163682396,10.760342680707,0.221613464763292,135
1,C-NMPC,55,14081,1,0,100,2395.35108646616,2536.9755,49.5029650306558,11.3157510664954,9.01575106649542,114.183687943399,10.612475309959,0.218362835664154,133
1,C-NMPC,56,14082,1,0,100,2392.18499694657,2510.263,44.2921144132121,4.39963813962633,2.09963813962633,114.401508644059,10.1993939316842,0.21393799597137,131
1,C-NMPC,57,14083,1,0,100,2395.51529849624,2762.0036,55.1193313399402,8.05270208505111,5.75270208505111,114.25874240333,10.6157540372207,0.218379819881249,133
1,C-NMPC,58,14084,1,0,100,2402.90931044776,3108.5179,77.2903730135035,9.20807614829996,6.90807614829996,114.963474259238,10.4990574225614,0.21910034068925,134
1,C-NMPC,59,14085,1,0,100,2395.93524210526,2584.5751,52.9920673087108,9.98412903521528,7.68412903521528,114.072730716544,10.4640261185324,0.217666900153766,133
1,C-NMPC,60,14086,1,0,100,2397.87377251908,2543.8165,49.4563394688566,6.13321886229781,3.83321886229781,112.331495903145,10.3479125110639,0.214585789623342,131
1,C-NMPC,61,14087,1,0,100,2404.28247720588,2769.4265,66.2830353924139,8.30082694076778,6.00082694076778,118.832504566623,11.0778812716732,0.22439025340709,136
1,C-NMPC,62,14088,1,0,100,2398.80468666667,2604.3886,53.3334483340214,7.6904941865158,5.3904941865158,115.9305068513,10.5690097593729,0.220698607647226,135
1,C-NMPC,63,14089,1,0,100,2394.0690129771,2536.5913,43.2957901464839,5.32690733496998,3.02690733496998,112.399202152673,10.3158042991978,0.214437302988376,131
1,C-NMPC,64,14090,1,0,100,2394.9221637037,2562.4929,47.5561088616048,6.82650168281994,4.52650168281994,117.100099724464,10.9054237571872,0.222296132561182,135
1,C-NMPC,65,14091,1,0,100,2396.4470259542,2563.1423,45.4624497551019,5.83125385953894,3.53125385953894,111.354734868907,10.3414578984104,0.214533931560614,131
1,C-NMPC,66,14092,1,0,100,2396.69297480916,2602.205,49.7876870240136,5.91286906250822,3.61286906250822,113.000440678186,10.4464435216914,0.215060935641004,131
1,C-NMPC,67,14093,1,0,100,2396.92240223881,2601.7601,50.7163618030509,7.02304108795409,4.72304108795409,115.176661001736,10.4379118822098,0.218819441148203,134
1,C-NMPC,68,14094,1,0,100,2393.98911363636,2541.9269,46.7328860424385,7.24203939583393,4.94203939583393,113.285984580258,10.4024403842559,0.216111723547601,132
1,C-NMPC,69,14095,1,0,100,2395.74702898551,2543.5429,48.3973478890019,6.37201244006705,4.07201244006705,119.929849555221,10.4990008198213,0.224210440169059,138
1,C-NMPC,70,14096,1,0,100,2402.42063759398,2914.235,70.1834623223831,5.6390005912738,3.3390005912738,115.41620748415,10.9992135922215,0.220196845248708,133
1,C-NMPC,71,14097,1,0,100,2394.89510746269,2557.3943,49.0870459660676,9.08255334163772,6.78255334163772,115.014569954954,10.5541849649428,0.219359000525708,134
1,C-NMPC,72,14098,1,0,100,2392.11815606061,2560.2427,45.4769044722422,7.27292631486382,4.97292631486382,113.33120614532,10.3938831746856,0.216072754077991,132
1,C-NMPC,73,14099,1,0,100,2393.26596969697,2548.9531,48.6053723722824,9.32668763200047,7.02668763200047,113.548280025539,10.3733379188714,0.215981602246978,132
1,C-NMPC,74,14100,1,0,100,2401.96480808824,2595.9292,52.8566090834271,7.90668321622416,5.60668321622417,117.657769243677,10.8083827940638,0.223105205289431,136
1,C-NMPC,75,14101,1,0,100,2396.61874705882,2568.756,49.0033236294013,7.58425008096587,5.28425008096587,117.669555595468,10.8115235946916,0.223120139234149,136
1,C-NMPC,76,14102,1,0,100,2400.72203059701,2532.0882,49.0141726248601,10.0676075316891,7.76760753168909,114.963521966225,10.4990562439133,0.219100336243435,134
1,C-NMPC,77,14103,1,0,100,2398.84417067669,2584.5895,52.3868439757841,8.83236358475081,6.5323635847508,114.187983976476,10.613177462056,0.218366211184923,133
1,C-NMPC,78,14104,1,0,100,2396.48637669173,2572.109,52.8854693589205,6.27273042283148,3.97273042283148,115.099649844053,10.3055526131461,0.216949422917945,133
1,C-NMPC,79,14105,1,0,100,2396.45230895522,2548.5715,51.1297795458859,8.81603753876512,6.51603753876512,114.961281327486,10.4986965662482,0.219098606242942,134
1,C-NMPC,80,14106,1,0,100,2393.89217218045,2521.5499,46.5878670010658,7.32537870943355,5.02537870943355,114.177784706526,10.3885026953973,0.217316432410231,133
1,C-NMPC,81,14107,1,0,100,2413.6421738806,3095.8047,104.468366526938,8.9060353648526,6.6060353648526,114.962699797146,10.4988210119308,0.219099219103607,134
1,C-NMPC,82,14108,1,0,100,2392.85460530303,2545.3019,46.6986408178188,5.4804300819172,3.1804300819172,114.366856222918,10.6318341573112,0.217207339542996,132
1,C-NMPC,83,14109,1,0,100,2394.46907894737,2549.0326,48.1850656170483,6.57024995601571,4.27024995601571,114.520712967325,10.6211003920097,0.218410616563852,133
1,C-NMPC,84,14110,1,0,100,2393.12292030075,2528.2082,45.6365608759391,7.53563700293611,5.23563700293611,114.235302383079,10.6167479419352,0.218383941946791,133
1,C-NMPC,85,14111,1,0,100,2398.82748646617,2524.3241,48.4170694275332,7.83472315150165,5.53472315150165,114.245887297117,10.6131832508353,0.218367524967251,133
1,C-NMPC,86,14112,1,0,100,2394.66628646617,2582.2527,48.4077023809178,7.7644312390736,5.4644312390736,114.281215811773,10.6368219825631,0.21847873669214,133
1,C-NMPC,87,14113,1,0,100,2453.31447518797,3821.2178,273.767581103375,6.57460560782658,4.27460560782658,115.261671833434,10.2501404575113,0.216694169479562,133
1,C-NMPC,88,14114,1,0,100,2396.77283383459,2623.5238,50.227256637246,6.43294034384644,4.13294034384644,115.506306250711,10.6389396796426,0.218515853594759,133
1,C-NMPC,89,14115,1,0,100,2393.92464736842,2558.818,44.7968777449094,6.30195308596249,4.00195308596249,115.007607514111,10.5785824221426,0.218222816783433,133
1,C-NMPC,90,14116,1,0,100,2397.71268955224,2582.9229,51.3626475096801,7.63086466765577,5.33086466765577,114.998690899955,10.4602408546724,0.218919794456985,134
1,C-NMPC,91,14117,1,0,100,2399.76664357143,2573.7097,52.2723315962203,8.68010113324401,6.38010113324401,121.202801024888,10.5019988478292,0.22675273305319,140
1,C-NMPC,92,14118,1,0,100,2396.46134296296,2571.5805,48.9840044681029,6.35082331010441,4.05082331010441,116.519786913012,10.7098677713005,0.221369710901142,135
1,C-NMPC,93,14119,1,0,100,2394.51576259542,2762.2178,53.6071554912722,5.37331182501078,3.07331182501078,113.39360197999,10.5372520109397,0.215493877930025,131
1,C-NMPC,94,14120,1,0,100,2399.33806917293,2570.7872,46.8947060724071,6.55932657047357,4.25932657047357,115.052848680399,10.6425847416193,0.218522804406526,133
1,C-NMPC,95,14121,1,0,100,2397.82956044776,2517.6258,46.4099220981504,6.62270008278946,4.32270008278946,115.302058277993,10.5723812940362,0.219450392006731,134
1,C-NMPC,96,14122,1,0,100,2398.80539925373,2598.7206,52.062120437691,7.82894192743431,5.52894192743431,115.049726822249,10.4364637960542,0.218809855757617,134
1,C-NMPC,97,14123,1,0,100,2393.94982857143,2602.5357,49.1950406491939,8.50095666748712,6.20095666748712,113.965109646782,10.4080988858091,0.217403248501573,133
1,C-NMPC,98,14124,1,0,100,2401.27493984962,2612.9688,50.6082823505548,6.45047139863918,4.15047139863918,115.477733577313,10.525098806191,0.217983419137623,133
1,C-NMPC,99,14125,1,0,100,2398.19830378788,2561.0747,45.9021910823577,6.04584133288943,3.74584133288943,113.477528138798,10.572865094948,0.216912106933929,132
1,C-NMPC,100,14126,1,0,100,2399.75108636364,2557.0903,47.4216108357489,5.7123030365565,3.4123030365565,113.620894851781,10.3448179713025,0.215849987011854,132
1,NP-ET-NMPC,1,15027,1,0,74.6268656716418,1794.22536119403,2548.6786,1051.17460482246,7.83542295791949,5.53542295791949,102.398154677032,10.570025954685,0.219152635793836,134
1,NP-ET-NMPC,2,15028,1,0,74.6268656716418,1799.64117089552,2571.5796,1054.20534512369,5.95581080318229,3.65581080318229,102.369729490922,10.5222368527137,0.218928760746681,134
1,NP-ET-NMPC,3,15029,1,0,74.6268656716418,1799.47877761194,2599.4941,1054.44089852949,9.1074892631745,6.8074892631745,102.369724780001,10.5222303557436,0.218928730291862,134
1,NP-ET-NMPC,4,15030,1,0,74.2424242424242,1789.7991719697,2603.4718,1059.16518005303,3.24698648118607,0.946986481186074,100.87263694038,10.4955438145689,0.216270797402288,132
1,NP-ET-NMPC,5,15031,1,0,74.6268656716418,1797.42965671642,2600.9768,1052.86068187221,9.17125839640716,6.87125839640716,102.369762998665,10.522228557119,0.21892872273902,134
1,NP-ET-NMPC,6,15032,1,0,74.6268656716418,1799.30434925373,2555.1952,1053.92908362121,8.50101223529064,6.20101223529064,102.369751055171,10.5222278778649,0.218928719300522,134
1,NP-ET-NMPC,7,15033,1,0,74.6268656716418,1800.62791268657,3331.8113,1057.79964731022,13.3047923028288,11.0047923028288,102.369732378951,10.5222287122133,0.218928722783094,134
1,NP-ET-NMPC,8,15034,1,0,74.6268656716418,1801.04702238806,2649.5987,1055.45428992795,8.11049015192615,5.81049015192615,102.369758607074,10.5222273251655,0.218928716886446,134
1,NP-ET-NMPC,9,15035,1,0,74.6268656716418,1796.53244477612,2577.9954,1052.3969387669,4.99595932768993,2.69595932768993,102.481773994388,10.5312568701034,0.218973386991485,134
1,NP-ET-NMPC,10,15036,1,0,74.6268656716418,1795.20489029851,2568.4079,1051.77109231927,8.58794149958573,6.28794149958573,102.369635555698,10.5222251107409,0.218928703807445,134
1,NP-ET-NMPC,11,15037,1,0,74.6268656716418,1799.07427462687,2578.8674,1054.02736992085,8.06371396433126,5.76371396433126,102.369682622894,10.5222323790683,0.218928738806855,134
1,NP-ET-NMPC,12,15038,1,0,74.6268656716418,1797.4218858209,2568.9832,1052.89184463333,9.67190901074131,7.37190901074131,102.39828114581,10.5700398789192,0.219152703650318,134
1,NP-ET-NMPC,13,15039,1,0,74.6268656716418,1795.31415820896,2582.9101,1051.65888831211,8.53353914948073,6.23353914948073,102.369727649318,10.5222302810827,0.218928730006852,134
1,NP-ET-NMPC,14,15040,1,0,74.6268656716418,1877.73421567164,2788.8808,1104.10466036753,7.70796983589801,5.40796983589801,102.36974113911,10.5222292905772,0.218928725679549,134
1,NP-ET-NMPC,15,15041,1,0,74.6268656716418,1880.64933059702,2896.9542,1105.74827751242,8.36266327358578,6.06266327358578,102.369695532877,10.5222310851223,0.218928733049167,134
1,NP-ET-NMPC,16,15042,1,0,74.6268656716418,1840.07811791045,2678.7272,1079.17569941205,7.09722346505934,4.79722346505934,102.369684375623,10.5222318948233,0.218928736583689,134
1,NP-ET-NMPC,17,15043,1,0,74.6268656716418,1817.10074029851,2599.6811,1064.85829029033,7.68828703398612,5.38828703398612,102.211754241699,10.4836655900576,0.21874506728718,134
1,NP-ET-NMPC,18,15044,1,0,74.6268656716418,1804.80833059701,2748.5365,1057.67828578226,6.41109756863134,4.11109756863134,102.369736292711,10.5222283871686,0.218928721351643,134
1,NP-ET-NMPC,19,15045,1,0,74.6268656716418,1831.52777089552,2731.2888,1074.28157160016,7.56990994478857,5.26990994478857,102.369665168737,10.5222335453238,0.218928743867064,134
1,NP-ET-NMPC,20,15046,1,0,74.6268656716418,1802.84340597015,2576.6521,1056.42022288698,5.64670598443914,3.34670598443914,102.365784588891,10.5221772454388,0.218928394631065,134
1,NP-ET-NMPC,21,15047,1,0,75.3731343283582,1814.14622537313,2587.2691,1041.88184127578,5.98232138031147,3.68232138031147,102.402564848422,10.5558730509433,0.219086619518737,134
1,NP-ET-NMPC,22,15048,1,0,74.6268656716418,1796.25075447761,2558.5917,1052.35608059039,9.27366449792756,6.97366449792756,102.369673659477,10.5222223609216,0.218928691808611,134
1,NP-ET-NMPC,23,15049,1,0,74.6268656716418,1803.52339477612,2659.8785,1056.79156102551,8.69811213635297,6.39811213635297,102.369761095747,10.52222666041,0.218928713836392,134
1,NP-ET-NMPC,24,15050,1,0,74.6268656716418,1798.77507686567,2594.0278,1053.70064285343,8.00729438823454,5.70729438823454,102.369757886495,10.5222292939054,0.218928726067261,134
1,NP-ET-NMPC,25,15051,1,0,74.6268656716418,1798.26797910448,2611.5506,1053.68324499705,6.27170514283057,3.97170514283057,102.369012284855,10.5220741697195,0.218927984846782,134
1,NP-ET-NMPC,26,15052,1,0,74.6268656716418,1801.65816791045,2559.2777,1055.29572852098,7.17612268825904,4.87612268825904,102.369687232288,10.5222314470381,0.218928734555373,134
1,NP-ET-NMPC,27,15053,1,0,74.6268656716418,1793.73143880597,2553.6598,1050.6001306061,7.99634849377232,5.69634849377232,102.369748466411,10.5222280239957,0.218928719925634,134
1,NP-ET-NMPC,28,15054,1,0,75.3731343283582,1811.88489925373,2587.7548,1040.51476527415,4.51798854211435,2.21798854211435,102.701401093998,10.5108203046925,0.218882799638136,134
1,NP-ET-NMPC,29,15055,1,0,75,1809.65742205882,2593.6219,1049.74641287563,10.2376886893559,7.93768868935588,105.365472398924,10.8292773084805,0.222929650368957,136
1,NP-ET-NMPC,30,15056,1,0,74.4360902255639,1792.23153533835,2530.4808,1055.03229395191,5.86288768151006,3.56288768151006,101.139227878241,10.4250905627163,0.217197604311698,133
1,NP-ET-NMPC,31,15057,1,0,75,1809.34553560606,2605.0253,1049.65132822189,5.64625309840444,3.34625309840444,100.388307430194,10.4101760841913,0.21586124526952,132
1,NP-ET-NMPC,32,15058,1,0,74.6268656716418,1836.12289850746,3208.6856,1081.08242980902,7.2776473362084,4.9776473362084,102.369756996195,10.5222274883891,0.218928717613136,134
1,NP-ET-NMPC,33,15059,1,0,74.6268656716418,1795.85141268657,2519.5695,1051.75800719191,6.22817154381008,3.92817154381008,102.369545233778,10.5222268982146,0.218928710150347,134
1,NP-ET-NMPC,34,15060,1,0,74.6268656716418,1800.24653880597,2592.3826,1054.67250020069,7.70354068258909,5.40354068258909,102.369679050666,10.5222316018408,0.218928735096709,134
1,NP-ET-NMPC,35,15061,1,0,74.6268656716418,1798.55742014925,2568.9551,1053.52307187111,9.3768818228092,7.0768818228092,102.369703581133,10.5222310784576,0.218928733196884,134
1,NP-ET-NMPC,36,15062,1,0,74.6268656716418,1800.85203880597,2605.6298,1054.97470742745,6.93701119850912,4.63701119850912,102.369739524649,10.522228703104,0.218928722899334,134
1,NP-ET-NMPC,37,15063,1,0,74.6268656716418,1800.25109402985,2595.4461,1054.63183652992,7.80460066906438,5.50460066906438,102.369771345002,10.5222271219112,0.218928716220023,134
1,NP-ET-NMPC,38,15064,1,0,74.6268656716418,1801.56090447761,2549.8462,1055.2319638815,6.4867866454453,4.1867866454453,102.369725711031,10.5222305114748,0.218928731040039,134
1,NP-ET-NMPC,39,15065,1,0,74.6268656716418,1809.44323656716,3051.1981,1061.5161613875,8.24611540698791,5.94611540698791,102.369685271969,10.5222323710369,0.218928738828205,134
1,NP-ET-NMPC,40,15066,1,0,74.6268656716418,1804.80372313433,2595.0264,1057.2550309306,5.99448265642034,3.69448265642034,102.369680971051,10.5222206326978,0.218928683897816,134
1,NP-ET-NMPC,41,15067,1,0,74.6268656716418,1799.07357537313,2559.3892,1053.74268115058,9.03273608535464,6.73273608535464,102.36976175779,10.5222274915407,0.218928717733672,134
1,NP-ET-NMPC,42,15068,1,0,74.6268656716418,1800.15029552239,2574.1506,1054.39764911602,9.84944974972873,7.54944974972873,102.369652056451,10.5222237868908,0.218928697989857,134
1,NP-ET-NMPC,43,15069,1,0,74.6268656716418,1797.48326865672,2580.4206,1052.7989497846,6.96763906035861,4.66763906035861,102.369748977643,10.5222282653729,0.218928721064571,134
1,NP-ET-NMPC,44,15070,1,0,74.6268656716418,1801.74347164179,2554.9335,1055.28154699085,7.37695613899595,5.07695613899595,102.369692783116,10.5222309250866,0.218928732240466,134
1,NP-ET-NMPC,45,15071,1,0,74.6268656716418,1800.70429029851,2564.507,1054.76071958259,9.54710024979146,7.24710024979145,102.369613137623,10.522227437279,0.218928714177522,134
1,NP-ET-NMPC,46,15072,1,0,74.6268656716418,1799.80475597015,2606.3047,1054.21783105774,8.39592959470828,6.09592959470828,102.369703951591,10.5222305068517,0.2189287305349,134
1,NP-ET-NMPC,47,15073,1,0,74.6268656716418,1800.82417313433,2591.6534,1054.91554763048,7.17695744988155,4.87695744988155,102.369749658581,10.5222279014733,0.218928719379771,134
1,NP-ET-NMPC,48,15074,1,0,74.6268656716418,1794.51744552239,2557.9854,1051.04003425215,7.14867044593959,4.84867044593959,102.369781967961,10.5222274503654,0.218928717990439,134
1,NP-ET-NMPC,49,15075,1,0,75.187969924812,1809.24303383459,2562.7208,1044.10646307753,6.01452351337191,3.71452351337191,101.281520327371,10.4405515281774,0.21727299116192,133
1,NP-ET-NMPC,50,15076,1,0,74.6268656716418,1797.43086865672,2588.9793,1052.85818451552,9.11887719928854,6.81887719928854,102.369756524303,10.5222274602547,0.218928717471222,134
1,NP-ET-NMPC,51,15077,1,0,75,1807.01698106061,2582.9823,1048.196170756,5.09991689126207,2.79991689126207,100.381856414567,10.4244914790588,0.215927975258213,132
1,NP-ET-NMPC,52,15078,1,0,74.6268656716418,1801.03027014925,2566.3425,1054.90206722651,7.36146260443079,5.06146260443079,102.369693384193,10.5222316602918,0.218928735688281,134
1,NP-ET-NMPC,53,15079,1,0,74.6268656716418,1798.90534477612,2563.4123,1053.58352017904,5.48313786355146,3.18313786355146,102.434526992257,10.51661959428,0.218903960069615,134
1,NP-ET-NMPC,54,15080,1,0,74.6268656716418,1797.50394552239,2550.0208,1052.80005449334,8.27385096170485,5.97385096170485,102.369701175623,10.5222215748374,0.218928688747945,134
1,NP-ET-NMPC,55,15081,1,0,74.6268656716418,1803.70653731343,2668.5976,1056.94546350915,8.01116197474549,5.71116197474549,102.369839747677,10.5222244296167,0.218928705163221,134
1,NP-ET-NMPC,56,15082,1,0,75,1808.58457348485,2560.6301,1049.00472046261,4.84791221363029,2.54791221363029,100.565443322673,10.5494840120123,0.216515948656936,132
1,NP-ET-NMPC,57,15083,1,0,74.6268656716418,1799.60476044776,2617.0193,1054.16131756888,6.27271707608418,3.97271707608418,102.369715412525,10.5222308079725,0.218928732196251,134
1,NP-ET-NMPC,58,15084,1,0,74.6268656716418,1798.55891044776,2545.1171,1053.37649442108,4.46698332059685,2.16698332059685,102.801654544848,10.9129246098898,0.220763429032593,134
1,NP-ET-NMPC,59,15085,1,0,75.3731343283582,1819.20042835821,2566.0987,1044.57569370317,5.51210169467524,3.21210169467524,102.455456580557,10.5588101521757,0.219101515349176,134
1,NP-ET-NMPC,60,15086,1,0,74.6268656716418,1798.82817910448,2633.9822,1053.74407832392,6.25633500432155,3.95633500432155,102.369743487526,10.5222290503189,0.218928724609387,134
1,NP-ET-NMPC,61,15087,1,0,74.6268656716418,1800.22840373134,2579.235,1054.50649265558,8.50916937791794,6.20916937791794,102.369743679319,10.5222291243946,0.218928724959689,134
1,NP-ET-NMPC,62,15088,1,0,75.3731343283582,1816.62478507463,2558.6181,1043.0708907148,6.07511509392255,3.77511509392255,102.402609163408,10.5558656235768,0.219086585807102,134
1,NP-ET-NMPC,63,15089,1,0,74.4360902255639,1790.65011654135,2566.6386,1054.0786107792,6.06586955539354,3.76586955539354,101.624807438028,10.6323480016859,0.218176583290625,133
1,NP-ET-NMPC,64,15090,1,0,74.6268656716418,1806.19500970149,2622.0368,1058.27745944332,8.58772626884232,6.28772626884232,102.369678752177,10.5222223944112,0.218928692078227,134
1,NP-ET-NMPC,65,15091,1,0,74.6268656716418,1799.75151119403,2568.9924,1054.25703137903,6.04776698879576,3.74776698879576,102.369606563906,10.522228612285,0.218928719520396,134
1,NP-ET-NMPC,66,15092,1,0,74.6268656716418,1805.4712641791,3033.2058,1059.58713692915,6.62650560413449,4.32650560413449,102.369672163052,10.5222229288834,0.21892869442855,134
1,NP-ET-NMPC,67,15093,1,0,74.6268656716418,1807.69396641791,3611.2313,1064.08977023854,8.19491161900829,5.89491161900829,102.369666300999,10.5222240104398,0.218928699350696,134
1,NP-ET-NMPC,68,15094,1,0,74.6268656716418,1797.61471119403,2548.9635,1052.93889773733,11.1956724808772,8.89567248087718,102.369732379001,10.5222287122324,0.218928722783184,134
1,NP-ET-NMPC,69,15095,1,0,74.6268656716418,1798.05458507463,2563.5221,1053.27500755919,8.94338459849493,6.64338459849493,102.369693666747,10.5222236571263,0.218928698308344,134
1,NP-ET-NMPC,70,15096,1,0,75.3731343283582,1819.37114477612,2558.9898,1044.78410394494,6.52660546361854,4.22660546361854,102.402476423535,10.5558652519291,0.219086581121201,134
1,NP-ET-NMPC,71,15097,1,0,74.6268656716418,1806.1471738806,2942.923,1059.04918062038,8.67213482833711,6.37213482833711,102.398237798665,10.5700457829471,0.219152730267293,134
1,NP-ET-NMPC,72,15098,1,0,74.6268656716418,1800.04745,2892.7569,1055.33830412105,7.7170006848285,5.4170006848285,102.369765366553,10.5222283108358,0.218928721641145,134
1,NP-ET-NMPC,73,15099,1,0,74.6268656716418,1799.15483134328,2586.9344,1053.95227836993,9.24762804677329,6.94762804677329,102.398239015068,10.5700437704429,0.219152720893055,134
1,NP-ET-NMPC,74,15100,1,0,74.6268656716418,1802.47224328358,2568.0355,1055.72449457891,6.88544160085068,4.58544160085068,102.369762803058,10.5222284543294,0.218928722254499,134
1,NP-ET-NMPC,75,15101,1,0,74.6268656716418,1798.00134850746,2571.5323,1053.13962934414,7.70324929935823,5.40324929935823,102.369792419391,10.5222260090425,0.218928711489656,134
1,NP-ET-NMPC,76,15102,1,0,74.6268656716418,1798.43545746269,2565.8009,1053.42035517628,8.46966361707936,6.16966361707936,102.369747810323,10.5222288972749,0.218928723990515,134
1,NP-ET-NMPC,77,15103,1,0,74.6268656716418,1798.24163432836,2582.1055,1053.17197860947,9.12071847571099,6.82071847571099,102.211724937991,10.4836675956843,0.218745076005128,134
1,NP-ET-NMPC,78,15104,1,0,74.6268656716418,1798.17499626866,2546.0556,1053.2905770239,7.31524310248522,5.01524310248522,102.36974499343,10.5222289974096,0.218928724395689,134
1,NP-ET-NMPC,79,15105,1,0,74.6268656716418,1802.19690597015,2598.3142,1055.67804779471,8.4256495210939,6.12564952109389,102.369764133277,10.5222271731645,0.218928716299189,134
1,NP-ET-NMPC,80,15106,1,0,74.6268656716418,1798.91069552239,2577.4057,1053.62751002411,9.38797983439658,7.08797983439658,102.369672799742,10.5222227182897,0.218928693458925,134
1,NP-ET-NMPC,81,15107,1,0,75.187969924812,1812.34514511278,2564.3763,1045.86002231022,7.41207525066557,5.11207525066557,101.281450232107,10.440552309085,0.217272993252201,133
1,NP-ET-NMPC,82,15108,1,0,74.6268656716418,1802.78165895522,2600.4045,1056.08093585044,7.12129079740476,4.82129079740476,102.369757229234,10.5222286299182,0.218928722950886,134
1,NP-ET-NMPC,83,15109,1,0,74.6268656716418,1827.20836119403,3036.1231,1075.0641126621,7.57375553036596,5.27375553036596,102.369747902606,10.5222283144568,0.218928721269973,134
1,NP-ET-NMPC,84,15110,1,0,74.8148148148148,1815.34809037037,3073.2976,1060.31076708238,4.37567394675579,2.07567394675579,103.013201375511,10.4226769867522,0.219727973319474,135
1,NP-ET-NMPC,85,15111,1,0,74.8148148148148,1804.15665777778,2598.4025,1051.57953558153,4.34737406300364,2.04737406300364,103.77436805656,10.6131078291132,0.220634472212495,135
1,NP-ET-NMPC,86,15112,1,0,74.6268656716418,1800.90641716418,2539.2032,1054.71431781198,6.19454941078154,3.89454941078154,102.369666167426,10.522224102933,0.218928699779803,134
1,NP-ET-NMPC,87,15113,1,0,74.6268656716418,1794.65838059701,2583.1337,1051.16022250407,5.42710513009879,3.12710513009879,102.37804063456,10.560799100094,0.219109086222953,134
1,NP-ET-NMPC,88,15114,1,0,74.6268656716418,1824.95264104478,2944.5272,1071.62173921736,6.03208130313779,3.73208130313779,102.369612964335,10.5222281649206,0.218928717572797,134
1,NP-ET-NMPC,89,15115,1,0,74.6268656716418,1797.76204477612,2624.4847,1053.02240515582,10.7351386860995,8.43513868609954,102.369732379164,10.5222287122924,0.218928722783468,134
1,NP-ET-NMPC,90,15116,1,0,74.6268656716418,1797.28924328358,2594.5228,1052.62535597982,10.0672733179645,7.76727331796454,102.369730128711,10.5222282033011,0.218928720355741,134
1,NP-ET-NMPC,91,15117,1,0,75.187969924812,1809.99496691729,2567.5258,1044.4512523627,5.82467327466421,3.52467327466421,101.281359902231,10.4405752418113,0.217273098373463,133
1,NP-ET-NMPC,92,15118,1,0,74.6268656716418,1798.28590746269,2571.0747,1053.38451112882,7.06545528787682,4.76545528787682,102.369667880374,10.5222339739005,0.218928745929388,134
1,NP-ET-NMPC,93,15119,1,0,74.6268656716418,1798.34989477612,2539.5724,1053.24823086207,8.97858973031416,6.67858973031416,102.369635282986,10.5222250095325,0.218928703328597,134
1,NP-ET-NMPC,94,15120,1,0,74.6268656716418,1802.91141567164,2551.7115,1055.97869932288,10.045636077262,7.74563607726203,102.369820165865,10.5222237314109,0.218928701466451,134
1,NP-ET-NMPC,95,15121,1,0,74.6268656716418,1800.58590895522,2628.4049,1054.85411696066,7.78645294688229,5.4864529468823,102.369757479944,10.5222274543104,0.21892871746469,134
1,NP-ET-NMPC,96,15122,1,0,74.6268656716418,1801.0587261194,2666.5843,1055.22636659446,6.2026225420568,3.9026225420568,102.369765158128,10.5222284648035,0.218928722355763,134
1,NP-ET-NMPC,97,15123,1,0,75,1815.16863970588,2746.6414,1053.18856713037,6.04468454982448,3.74468454982448,105.365471135539,10.8292480792843,0.22292951379878,136
1,NP-ET-NMPC,98,15124,1,0,74.6268656716418,1799.76628432836,2568.5329,1054.12883862415,10.0866717466625,7.78667174666253,102.369732373413,10.5222287174892,0.218928722807617,134
1,NP-ET-NMPC,99,15125,1,0,74.6268656716418,1796.54625671642,2553.6734,1052.21599948665,6.38588057637044,4.08588057637044,102.369737473411,10.5222290592737,0.218928724517572,134
1,NP-ET-NMPC,100,15126,1,0,74.6268656716418,1799.03991865672,2579.8336,1053.7284725057,10.6959950169385,8.39599501693847,102.369732381533,10.522228711662,0.218928722780576,134
1,SE-ET-NMPC,1,16027,1,0,75.3731343283582,1806.02069328358,2572.9999,1037.05719632987,8.13499515146856,5.83499515146856,102.374687348344,10.5298999711158,0.218964668631541,134
1,SE-ET-NMPC,2,16028,1,0,75.3731343283582,1803.57256641791,2585.3434,1035.6748059534,10.2474586234556,7.94745862345558,102.369892368781,10.5270478419353,0.218951238558696,134
1,SE-ET-NMPC,3,16029,1,0,75.3731343283582,1810.9190619403,2762.9535,1040.599813159,8.03272869473109,5.73272869473109,102.381950119874,10.5278135198625,0.218955083318466,134
1,SE-ET-NMPC,4,16030,1,0,75.187969924812,1805.10048345865,3213.7477,1044.1107304422,5.90814997758635,3.60814997758635,101.61260702771,10.9648783313449,0.219729703853232,133
1,SE-ET-NMPC,5,16031,1,0,75.3731343283582,1810.60730671642,2602.0684,1039.78910194942,9.68374281011164,7.38374281011164,102.370331237017,10.5271495262064,0.218951723322133,134
1,SE-ET-NMPC,6,16032,1,0,75.3731343283582,1730.75149328358,2656.7894,996.161509703875,10.9999814653103,8.69998146531034,102.370024454055,10.5270281221505,0.218951149374358,134
1,SE-ET-NMPC,7,16033,1,0,75,1681.8529530303,2346.4767,975.156583545425,6.59268497546648,4.29268497546648,100.749319241742,10.4210429647935,0.215920031610748,132
1,SE-ET-NMPC,8,16034,1,0,75.3731343283582,1847.96556268657,4017.1658,1076.65210171673,12.7354451624117,10.4354451624117,102.369948698597,10.5270263372463,0.218951139352851,134
1,SE-ET-NMPC,9,16035,1,0,75.187969924812,1831.67903909774,3208.4851,1060.01396370803,7.17945363993475,4.87945363993475,101.417869067266,10.4436838278404,0.217290653448057,133
1,SE-ET-NMPC,10,16036,1,0,75.7575757575758,1850.90870984848,2650.5592,1052.9228872558,7.04156338633449,4.74156338633449,100.403216506882,10.3960262075491,0.215795476444307,132
1,SE-ET-NMPC,11,16037,1,0,74.8091603053435,1863.99705648855,2955.4028,1091.46861336436,4.99135158521756,2.69135158521756,100.737302815295,10.2462546550757,0.213853253475083,131
1,SE-ET-NMPC,12,16038,1,0,75.7575757575758,1857.0986219697,2715.6467,1056.40004036723,7.52093348430612,5.22093348430612,100.379256769993,10.4323690126763,0.215964716823947,132
1,SE-ET-NMPC,13,16039,1,0,75.187969924812,1862.88015639098,2828.1805,1076.69841134461,8.3292423802095,6.0292423802095,100.989235218404,10.4879094609382,0.217487725137458,133
1,SE-ET-NMPC,14,16040,1,0,75.187969924812,1843.80719022556,2931.5923,1067.72845997102,6.41308484393263,4.11308484393263,101.776273484324,10.8149199119167,0.219032820840558,133
1,SE-ET-NMPC,15,16041,1,0,75.187969924812,1866.89173458647,2819.8833,1079.98522980231,6.74426173385425,4.44426173385425,102.482585227856,10.7712024391723,0.218844293605832,133
1,SE-ET-NMPC,16,16042,1,0,75.3731343283582,1886.6163880597,3250.5625,1089.04595262703,10.7551810970078,8.4551810970078,102.369952019763,10.5270263543899,0.21895113950674,134
1,SE-ET-NMPC,17,16043,1,0,75,1850.89808257576,2850.7554,1075.69376194841,5.87824532132227,3.57824532132227,100.358656123846,10.5468570971304,0.216499081940617,132
1,SE-ET-NMPC,18,16044,1,0,75.3731343283582,1872.06122014925,3132.3873,1081.1309724342,8.53259366801903,6.23259366801903,102.364023705674,10.5274149714296,0.218952823163169,134
1,SE-ET-NMPC,19,16045,1,0,75.3731343283582,1858.09328432836,2709.0343,1067.87877637051,10.2661746177694,7.96617461776937,102.369919959855,10.5270491807036,0.218951245425792,134
1,SE-ET-NMPC,20,16046,1,0,76.1194029850746,1949.53565,3754.2235,1103.40745839636,8.73147914950235,6.43147914950235,102.398892712829,10.5608167923955,0.219109632250793,134
1,SE-ET-NMPC,21,16047,1,0,75.9398496240601,1982.5262593985,2983.4275,1125.0103640986,8.538660167482,6.238660167482,101.619132201105,10.6346367120263,0.218187148721125,133
1,SE-ET-NMPC,22,16048,1,0,74.8091603053435,1955.87111603053,3083.5768,1144.00125629381,5.80925300160042,3.50925300160042,99.6404381307868,10.3651565217433,0.214384320281463,131
1,SE-ET-NMPC,23,16049,1,0,75.5555555555556,2001.62281333333,3030.7321,1147.56284636933,7.65293640677434,5.35293640677434,103.374270154557,10.7653035750631,0.221336552704087,135
1,SE-ET-NMPC,24,16050,1,0,75.3731343283582,1991.43121044776,2893.1812,1144.882251461,8.28523983174436,5.98523983174436,102.367064748394,10.5292461302911,0.218961444869721,134
1,SE-ET-NMPC,25,16051,1,0,75.3731343283582,1986.97802164179,3078.0684,1143.64358875934,9.04270079063748,6.74270079063747,102.370300610071,10.5271642723225,0.218951791526962,134
1,SE-ET-NMPC,26,16052,1,0,74.8091603053435,1919.70398854962,2919.3061,1121.36518279241,6.26469443252783,3.96469443252783,99.5887030706139,10.4124329190653,0.214604018926663,131
1,SE-ET-NMPC,27,16053,1,0,75.3731343283582,1889.30739552239,2822.7174,1085.29115715559,8.16341414577844,5.86341414577844,102.380164996422,10.5308934607531,0.218969431372931,134
1,SE-ET-NMPC,28,16054,1,0,75.3731343283582,1888.48675298507,2726.721,1084.61639883064,7.97151064015361,5.67151064015361,102.430337153545,10.5274407745424,0.218954417332743,134
1,SE-ET-NMPC,29,16055,1,0,75,1870.28299924242,2636.399,1084.67863236052,6.52010565901291,4.22010565901291,101.412329730767,10.3065409848397,0.21539987735653,132
1,SE-ET-NMPC,30,16056,1,0,75.187969924812,1875.96203157895,2673.8223,1082.55290594235,6.89153055800864,4.59153055800864,101.467783629924,10.4581487351475,0.217359334441838,133
1,SE-ET-NMPC,31,16057,1,0,75.3731343283582,1886.31814029851,2655.4095,1083.29429455202,10.2956364066022,7.99563640660218,102.369932267685,10.5270478812982,0.21895123962922,134
1,SE-ET-NMPC,32,16058,1,0,75.9398496240601,1901.34079323308,2655.8574,1075.17470522904,8.9975537903762,6.6975537903762,101.14173355425,10.4313767936201,0.217227025672037,133
1,SE-ET-NMPC,33,16059,1,0,75.3731343283582,1885.12898358209,2668.8202,1082.45035748854,7.77194755146948,5.47194755146948,102.381416286712,10.5289931920092,0.218960582209678,134
1,SE-ET-NMPC,34,16060,1,0,74.6153846153846,1778.70638384615,2536.2144,1042.7395795974,4.94858635318598,2.64858635318598,100.122685992616,10.2467429379726,0.212591876302143,130
1,SE-ET-NMPC,35,16061,1,0,76.1194029850746,1809.34235373134,2694.9694,1018.39799992339,11.188305006787,8.88830500678695,102.209269510654,10.4891344094468,0.218770559270081,134
1,SE-ET-NMPC,36,16062,1,0,76.1194029850746,1806.87466567164,2540.3931,1016.67511421741,8.56819398954497,6.26819398954497,102.41089711151,10.5616733423393,0.219113900327089,134
1,SE-ET-NMPC,37,16063,1,0,75.3731343283582,1790.54467462687,2553.6345,1028.19676281727,9.24584375681892,6.94584375681892,102.370019846084,10.5270268829915,0.218951143483316,134
1,SE-ET-NMPC,38,16064,1,0,76.1194029850746,1807.75988656716,2515.2988,1017.22425521956,7.46967087986664,5.16967087986664,102.40324864142,10.5672364133071,0.21913971784975,134
1,SE-ET-NMPC,39,16065,1,0,75.187969924812,1781.26483609023,2507.3854,1027.88796563251,7.01938112123508,4.71938112123508,101.178056120228,10.4868499135577,0.217486971557593,133
1,SE-ET-NMPC,40,16066,1,0,75.9398496240601,1802.51652105263,2530.4671,1019.41022796893,8.00585112333438,5.70585112333438,101.293724792009,10.4485283581932,0.21731052556389,133
1,SE-ET-NMPC,41,16067,1,0,75.3731343283582,1790.15332164179,2569.4256,1028.07760962847,7.66708626532429,5.36708626532429,102.397970182636,10.5245798292258,0.218940333365029,134
1,SE-ET-NMPC,42,16068,1,0,75.7352941176471,1801.62216029412,2579.868,1024.30653316327,7.4760386038753,5.1760386038753,105.163007207785,10.8719876187585,0.223124669306215,136
1,SE-ET-NMPC,43,16069,1,0,75.3731343283582,1833.33297761194,3342.4205,1058.87474471336,8.1959327121051,5.8959327121051,102.373292961057,10.5276953496843,0.218954338913612,134
1,SE-ET-NMPC,44,16070,1,0,75.3731343283582,1793.61546492537,2532.6854,1029.96258029716,8.62003979772486,6.32003979772486,102.400656231202,10.5648730097493,0.219128619769728,134
1,SE-ET-NMPC,45,16071,1,0,75.3731343283582,1793.21873059701,2610.1325,1029.83549644715,10.4565463873604,8.15654638736039,102.370022451515,10.5270277393828,0.218951147541785,134
1,SE-ET-NMPC,46,16072,1,0,75.9398496240601,1809.22639172932,2535.6655,1023.08436451775,8.17360450708174,5.87360450708174,101.263048724873,10.4493932032109,0.217313883935235,133
1,SE-ET-NMPC,47,16073,1,0,75.3731343283582,1794.98942313433,2626.4235,1031.14007401305,7.98187089912004,5.68187089912004,102.370542520907,10.5272461511431,0.21895217939382,134
1,SE-ET-NMPC,48,16074,1,0,74.8091603053435,1779.35518167939,2553.5075,1037.48239882704,5.8610918144525,3.5610918144525,99.9193701738473,10.3321259945299,0.214236219022755,131
1,SE-ET-NMPC,49,16075,1,0,75.3731343283582,1790.62064104478,2522.1785,1028.15564802184,8.06972778898089,5.76972778898089,102.372454782674,10.5271528143034,0.218951785872146,134
1,SE-ET-NMPC,50,16076,1,0,75.187969924812,1795.47336240601,3309.3596,1039.77217382403,7.55182217041005,5.25182217041005,101.287324792022,10.4573023792434,0.217351370554288,133
1,SE-ET-NMPC,51,16077,1,0,75.3731343283582,1795.57234850746,2839.6123,1031.92271027548,7.686900812953,5.38690081295301,102.369785182184,10.527941875385,0.218955412590173,134
1,SE-ET-NMPC,52,16078,1,0,75,1790.19011818182,3217.6656,1040.89198115032,6.77235338688558,4.47235338688558,100.521561473316,10.4115947184288,0.215870833518988,132
1,SE-ET-NMPC,53,16079,1,0,75.3731343283582,1795.34519850746,2591.6492,1031.27963068093,9.72785964092942,7.42785964092942,102.398104331622,10.5740533658032,0.219171448438415,134
1,SE-ET-NMPC,54,16080,1,0,75.9398496240601,1803.52973609023,2545.5475,1019.73225287269,7.47136789660732,5.17136789660732,101.779641690819,10.6388324751533,0.218210315806425,133
1,SE-ET-NMPC,55,16081,1,0,75.9398496240601,1805.78223458647,2525.1588,1021.28608762454,8.28529959811249,5.98529959811249,101.627403051583,10.6328749880941,0.218179102750291,133
1,SE-ET-NMPC,56,16082,1,0,75.3731343283582,1794.78559477612,2572.1596,1030.61292901575,7.06139799310634,4.76139799310634,102.48480078281,10.5250934671137,0.218944662356627,134
1,SE-ET-NMPC,57,16083,1,0,75.187969924812,1790.00509699248,2546.1224,1033.02418059402,6.20448331813028,3.90448331813028,102.516666485686,10.6314105956515,0.218192023355241,133
1,SE-ET-NMPC,58,16084,1,0,75.3731343283582,1791.88675522388,2590.265,1029.09707421135,9.53247376576777,7.23247376576776,102.369951197308,10.5270262029573,0.218951138781057,134
1,SE-ET-NMPC,59,16085,1,0,75.3731343283582,1791.95738955224,2548.7695,1028.97145197399,7.76344736443363,5.46344736443363,102.380660082321,10.529639544698,0.218963584795554,134
1,SE-ET-NMPC,60,16086,1,0,75.9398496240601,1803.64803308271,2526.1015,1019.94546170239,7.51925986773887,5.21925986773887,101.384916418789,10.4445439989387,0.217293939394825,133
1,SE-ET-NMPC,61,16087,1,0,75.3731343283582,1794.06552985075,2537.289,1030.25511468699,10.2684952026752,7.96849520267524,102.369903581511,10.5270273674765,0.218951143162896,134
1,SE-ET-NMPC,62,16088,1,0,75.187969924812,1787.47077218045,2499.8552,1031.39179771611,7.37232069413148,5.07232069413148,101.20160753295,10.4320698597479,0.217231593813808,133
1,SE-ET-NMPC,63,16089,1,0,75.3731343283582,1793.01908208955,2534.2861,1029.51487481695,7.92928147253245,5.62928147253245,102.372107052028,10.5301063783202,0.218965575508135,134
1,SE-ET-NMPC,64,16090,1,0,75.3731343283582,1793.39131268657,2558.9912,1029.70361323346,8.01407376368364,5.71407376368364,102.443161246027,10.5581269420799,0.219098050552358,134
1,SE-ET-NMPC,65,16091,1,0,75.7575757575758,1811.12487272727,2968.3461,1031.44145296111,6.45382899745365,4.15382899745365,100.646941033731,10.4142418875668,0.215885985792986,132
1,SE-ET-NMPC,66,16092,1,0,75.187969924812,1794.37971278196,2961.1665,1037.46407314577,6.85746255212732,4.55746255212732,102.204318017484,10.6369276913885,0.218210854996827,133
1,SE-ET-NMPC,67,16093,1,0,74.8091603053435,1779.26367938931,2572.9205,1037.33160252436,5.51233339677516,3.21233339677516,100.45360436036,10.4647470428042,0.214867620647647,131
1,SE-ET-NMPC,68,16094,1,0,75,1778.35655833333,2510.3652,1031.39445188757,6.20078992719337,3.90078992719337,101.580674199433,10.3766684424396,0.215731213753797,132
1,SE-ET-NMPC,69,16095,1,0,75,1778.27693106061,2610.5868,1031.44645320602,7.0080014029551,4.7080014029551,101.521647711775,10.5463057682186,0.216522350704496,132
1,SE-ET-NMPC,70,16096,1,0,75.3731343283582,1790.61089925373,2555.8192,1028.40198798655,9.34630712406842,7.04630712406842,102.37076538215,10.5272527026005,0.218952214950958,134
1,SE-ET-NMPC,71,16097,1,0,75.9398496240601,1804.81044285714,2511.6304,1020.68720011733,7.71524318122384,5.41524318122385,101.384101027251,10.4416415515427,0.21728036269932,133
1,SE-ET-NMPC,72,16098,1,0,75,1780.16125227273,2518.5662,1032.4216551052,5.00155184197672,2.70155184197673,100.835136826652,10.9479805112811,0.218383489778212,132
1,SE-ET-NMPC,73,16099,1,0,75.187969924812,1788.14520977444,2534.0724,1031.86413567749,5.88897347208536,3.58897347208536,102.519332111738,10.6424409911267,0.218243610295953,133
1,SE-ET-NMPC,74,16100,1,0,74.8091603053435,1774.54556870229,2502.6096,1034.37563480627,6.12605270519235,3.82605270519235,100.242559105544,10.3177185136307,0.214176097481099,131
1,SE-ET-NMPC,75,16101,1,0,75.7575757575758,1799.49797727273,2505.4482,1022.62425181235,9.08320742603398,6.78320742603398,100.668225884861,10.3328091755017,0.215506051691888,132
1,SE-ET-NMPC,76,16102,1,0,75.187969924812,1782.08683383459,2511.2455,1028.38969499139,7.15731968056,4.85731968056,102.005170647544,10.6900927433785,0.218454786242585,133
1,SE-ET-NMPC,77,16103,1,0,75.3731343283582,1789.74622313433,2496.0383,1027.5743503615,6.96368293007233,4.66368293007233,102.632847444048,10.7105350817357,0.219814229539309,134
1,SE-ET-NMPC,78,16104,1,0,74.8091603053435,1773.22386717557,2487.6922,1033.5861405151,5.1878610320494,2.8878610320494,100.843107687921,10.3114069587341,0.214159959027278,131
1,SE-ET-NMPC,79,16105,1,0,76.1194029850746,1807.26944029851,2532.6895,1016.97761981807,8.90444503773631,6.6044450377363,102.370014798615,10.5270255097668,0.218951136956229,134
1,SE-ET-NMPC,80,16106,1,0,75.3731343283582,1788.98890298507,2539.8261,1027.30064518116,8.07267348983735,5.77267348983735,102.368718048685,10.5287808377805,0.218959308028999,134
1,SE-ET-NMPC,81,16107,1,0,76.1194029850746,1809.60729925373,2543.2991,1018.2166324834,6.61655646432935,4.31655646432935,103.106309076839,10.4141204863293,0.218440071298957,134
1,SE-ET-NMPC,82,16108,1,0,74.6153846153846,1767.76939538462,2496.9679,1035.70038935902,4.65542818131387,2.35542818131387,101.359077336052,10.2099560963246,0.212447504562203,130
1,SE-ET-NMPC,83,16109,1,0,75,1779.42974393939,2807.8663,1032.77747121095,5.87794173492159,3.57794173492159,102.211910597356,10.7434445970212,0.217458609837137,132
1,SE-ET-NMPC,84,16110,1,0,75.3731343283582,1788.31837985075,2539.5001,1026.90215394249,9.82032758868907,7.52032758868907,102.369913049228,10.5270276318979,0.218951144608516,134
1,SE-ET-NMPC,85,16111,1,0,75.187969924812,1784.09405413534,2522.4099,1029.60035602062,7.1430960792045,4.8430960792045,101.299322219905,10.4504670104039,0.217319706226504,133
1,SE-ET-NMPC,86,16112,1,0,75.5555555555556,1796.98470222222,2648.3976,1027.07803083812,9.11801518375785,6.81801518375785,102.813627646178,10.4956366467654,0.220064364188059,135
1,SE-ET-NMPC,87,16113,1,0,75.9398496240601,1805.42570225564,2568.5074,1020.83866724845,7.68231423214947,5.38231423214947,101.620424199884,10.6335533568831,0.21818211661604,133
1,SE-ET-NMPC,88,16114,1,0,75.7352941176471,1799.37381397059,2577.7798,1023.22577191326,8.48373164613207,6.18373164613207,104.189047861139,10.5675213013335,0.221680733110922,136
1,SE-ET-NMPC,89,16115,1,0,75.3731343283582,1789.48758059702,2560.03,1027.58470718696,9.61451666966343,7.31451666966342,102.369949413501,10.5270263336248,0.21895113935182,134
1,SE-ET-NMPC,90,16116,1,0,75.3731343283582,1796.0158858209,2551.2004,1031.39927269315,8.57480898998312,6.27480898998312,102.370649286396,10.527792086315,0.218954732063547,134
1,SE-ET-NMPC,91,16117,1,0,75.9398496240601,1805.18839022556,2554.726,1021.02369273377,7.00486990716042,4.70486990716042,101.164149106739,10.5110237637026,0.217599588927097,133
1,SE-ET-NMPC,92,16118,1,0,75.3731343283582,1821.74930223881,2869.5417,1049.09397596135,8.02071909604838,5.72071909604838,102.394638666499,10.5362839424376,0.218994934260198,134
1,SE-ET-NMPC,93,16119,1,0,74.8091603053435,1785.59528244275,2553.4315,1040.84930318489,5.65943868697259,3.35943868697259,99.9821020030781,10.4557565833265,0.214815144528211,131
1,SE-ET-NMPC,94,16120,1,0,75.3731343283582,1801.59832835821,2560.84,1034.62317642135,8.71867187861915,6.41867187861915,102.37005554842,10.5270997962703,0.218951484885875,134
1,SE-ET-NMPC,95,16121,1,0,75.3731343283582,1802.62420746269,2642.4558,1035.56093715173,6.57756453483378,4.27756453483378,102.254205557868,10.5019980443903,0.218831649400715,134
1,SE-ET-NMPC,96,16122,1,0,75.3731343283582,1797.61469104478,2547.8838,1032.32731077056,8.04269360577056,5.74269360577056,102.188802121556,10.4936391553805,0.218791148038074,134
1,SE-ET-NMPC,97,16123,1,0,75.3731343283582,1797.29070671642,2611.2764,1032.17157641504,8.27473951856806,5.97473951856806,102.375051093859,10.5282095046236,0.218956779821303,134
1,SE-ET-NMPC,98,16124,1,0,75.3731343283582,1789.97420223881,2534.776,1027.75583277841,6.26215801015546,3.96215801015546,103.936506314324,10.9441818993839,0.220934664156012,134
1,SE-ET-NMPC,99,16125,1,0,75.7575757575758,1807.63380984849,3076.486,1028.96807293995,8.40254793333047,6.10254793333046,100.379531908891,10.4335289894728,0.215970141686893,132
1,SE-ET-NMPC,100,16126,1,0,75.9398496240601,1805.88926466165,2525.5985,1021.35185480618,7.99367494698349,5.69367494698349,101.261119372955,10.4463748380676,0.217299740983578,133
3,Proposed ET-NMPC,1,23027,1,0,76.2962962962963,1925.09660148148,2666.74,1077.94487727282,5.19522834153874,3.47216524033313,104.22860330877,10.7638120590915,0.221348570374967,135
3,Proposed ET-NMPC,2,23028,1,0,76.5151515151515,1923.94529166667,2712.2361,1070.64494682143,5.4138680736359,3.1138680736359,101.436271445836,11.329711829345,0.220180078911118,132
3,Proposed ET-NMPC,3,23029,1,0,76.1194029850746,1918.06609253731,2709.4681,1079.45632134644,5.109200380783,3.26185692296487,102.498140764866,10.4402114560991,0.218548438549219,134
3,Proposed ET-NMPC,4,23030,1,0,76.6917293233083,1929.9111443609,2692.0191,1068.95153981995,4.92952570901879,2.62952570901879,104.531570713194,11.5445408349318,0.222502421693951,133
3,Proposed ET-NMPC,5,23031,1,0,76.1194029850746,1916.92737537313,2663.3239,1078.51949135299,5.38446478554976,3.60741891222065,102.375295099045,10.8493029205155,0.220456750200736,134
3,Proposed ET-NMPC,6,23032,1,0,75.5725190839695,1898.94640458015,2661.7841,1084.46091790791,4.78312479394435,2.48312479394435,100.760636732025,10.9494243864021,0.217138579180047,131
3,Proposed ET-NMPC,7,23033,1,0,75.9398496240601,1911.7291887218,2651.6783,1080.83827583103,4.40675459805225,2.48478064537476,101.151426676622,11.0452179854325,0.220094756356509,133
3,Proposed ET-NMPC,8,23034,1,0,76.6917293233083,1929.62945338346,2654.2653,1068.68275629021,3.22182609459081,1.47547842500942,104.908521610074,11.9449666076877,0.224381358776137,133
3,Proposed ET-NMPC,9,23035,1,0,76.9784172661871,1940.94425971223,2667.2423,1066.08911995004,4.1652013873629,2.48036903050057,108.866825712133,12.9060854431317,0.236459119077947,139
3,Proposed ET-NMPC,10,23036,1,0,76.1194029850746,1920.30150149254,2651.5834,1080.55051178054,4.68595643644516,2.94968363576251,102.301774978572,10.9880053416677,0.221103054873378,134
3,Proposed ET-NMPC,11,23037,1,0,77.6978417266187,1960.82616834532,2673.4889,1055.23256834862,4.54372562908706,2.82798923506115,108.695356795474,12.8789110085297,0.236328365227364,139
3,Proposed ET-NMPC,12,23038,1,0,76.8115942028985,1940.70828695652,2700.3991,1071.31572818769,4.97083939849484,3.09631292765825,108.208724001548,12.9044006176436,0.235186624053566,138
3,Proposed ET-NMPC,13,23039,1,0,75.5555555555556,1905.05400444444,2994.8629,1089.13840853405,4.6171569338382,2.95258568950317,103.645261359035,11.1811058323304,0.223284965275515,135
3,Proposed ET-NMPC,14,23040,1,0,75.5725190839695,1904.73778396947,2667.6227,1087.75882080019,6.15322641998933,3.85322641998933,99.471408385681,10.4145946762847,0.214611510872548,131
3,Proposed ET-NMPC,15,23041,1,0,77.3049645390071,1953.55849858156,2712.7915,1063.13891201818,4.66032088942443,2.7317278675704,111.114495473989,12.6551334628024,0.23783676304391,141
3,Proposed ET-NMPC,16,23042,1,0,76.865671641791,1936.73587089552,2667.4187,1067.33016375617,5.30824929523111,3.33334825984171,102.321281706299,11.1984753515282,0.222086683973708,134
3,Proposed ET-NMPC,17,23043,1,0,76.865671641791,1938.29473507463,2672.183,1068.18080899625,3.98231014839082,2.00495301281754,102.477350314956,11.4080160120956,0.223069006393662,134
3,Proposed ET-NMPC,18,23044,1,0,75.9398496240601,1907.54767218045,2644.7747,1078.42384351428,5.31691555710272,3.43405853849382,101.365571961337,11.0000400305502,0.219888469551378,133
3,Proposed ET-NMPC,19,23045,1,0,76.4705882352941,1924.46156102941,2738.7407,1072.31010315992,5.28227943785699,3.22610541711811,103.918316607921,10.4955348055374,0.221338437087631,136
3,Proposed ET-NMPC,20,23046,1,0,75.7575757575758,1903.65215606061,2645.9563,1081.67775374434,3.87580000124754,2.29556845998874,100.726771201138,10.9424241067148,0.218355125306155,132
3,Proposed ET-NMPC,21,23047,1,0,76.6917293233083,1931.19869473684,2845.9793,1069.87222620207,4.69099418922771,3.06956372062599,101.576504942826,10.3297985598268,0.216762171794873,133
3,Proposed ET-NMPC,22,23048,1,0,76.1194029850746,1918.87235298507,2701.4627,1079.64550789774,5.17456074504918,3.52002470797045,102.47746515242,10.9692280876373,0.221019242498493,134
3,Proposed ET-NMPC,23,23049,1,0,76.1194029850746,1916.49176716418,2725.72,1078.39351731813,6.16242567369613,4.23298066568221,102.342263406314,10.7984615120116,0.220218514154823,134
3,Proposed ET-NMPC,24,23050,1,0,76.1194029850746,1913.26026044776,2641.0326,1076.3140813407,4.99834883031897,3.27002796753164,102.001500185643,11.0934962019042,0.221589175118735,134
3,Proposed ET-NMPC,25,23051,1,0,76.1194029850746,1920.00058731343,2672.1917,1080.34241494747,4.73824262202641,2.83907448624561,102.224504185289,11.1895345657756,0.222042767120113,134
3,Proposed ET-NMPC,26,23052,1,0,76.1194029850746,1914.99087238806,2695.5855,1077.53514993441,4.50322259526554,2.67811021555245,102.495974941297,10.9569395020106,0.220962248577136,134
3,Proposed ET-NMPC,27,23053,1,0,76.9784172661871,1938.49188848921,2678.4336,1064.63572228686,4.44120601260537,2.67089877072226,109.201414915509,13.1056260398203,0.237398694038108,139
3,Proposed ET-NMPC,28,23054,1,0,76.5151515151515,1928.88140075758,3176.0604,1075.71620511131,5.61740733375668,3.63611684529658,99.8382032962327,11.0948671056145,0.219047505933287,132
3,Proposed ET-NMPC,29,23055,1,0,76.1194029850746,1917.7490261194,2738.9876,1079.27546495556,5.78177682038332,4.06550781063299,102.311954155632,10.7528368930307,0.220004708467251,134
3,Proposed ET-NMPC,30,23056,1,0,76.8115942028985,1942.96264275362,2675.5757,1072.47891373523,4.70252071873497,2.97953265785751,108.655226715527,12.9877778000147,0.235586036888033,138
3,Proposed ET-NMPC,31,23057,1,0,67.5324675324675,1699.17502402597,2642.2817,1182.52439880607,3.81897772781815,1.93521822010906,113.350654425947,13.1189016131984,0.256302915253343,154
3,Proposed ET-NMPC,32,23058,1,0,76.3358778625954,1923.9980648855,2690.216,1076.32426834164,4.92132712889184,2.93766318544425,101.358265895637,10.281921743822,0.214033668912075,131
3,Proposed ET-NMPC,33,23059,1,0,77.6978417266187,1957.91052517986,2687.8671,1053.72873883465,4.31031931418167,2.36781140456548,108.643174941201,12.8700852793717,0.23628597686725,139
3,Proposed ET-NMPC,34,23060,1,0,75.9398496240601,1908.9828406015,2667.1993,1079.29461005172,3.70152988523017,2.10829916612173,101.647883881555,11.5806508675177,0.222607025202296,133
3,Proposed ET-NMPC,35,23061,1,0,76.4705882352941,1925.12123161765,2833.5184,1072.75984755267,4.65196550503427,2.62851420585716,105.847889720952,12.1334693328301,0.229032810639067,136
3,Proposed ET-NMPC,36,23062,1,0,67.2955974842767,1699.17333522013,2679.7507,1188.95169847719,3.11265172749901,1.12266705489986,116.777184613229,12.9154532792775,0.261678666008729,159
3,Proposed ET-NMPC,37,23063,1,0,76.4705882352941,1926.67806985294,2680.559,1073.40191156794,4.60226557184142,2.6195181123573,103.890516777637,12.6585632256404,0.231442252076106,136
3,Proposed ET-NMPC,38,23064,1,0,76.1194029850746,1912.62275522388,2717.303,1076.08450986176,4.96486977724585,3.11111242881803,102.82968960663,10.9804322371434,0.221079409092708,134
3,Proposed ET-NMPC,39,23065,1,0,76.1194029850746,1919.03360820896,2716.1364,1079.83610460563,4.72918222620812,3.05827012766175,102.141210358442,10.3279499021164,0.218016084931661,134
3,Proposed ET-NMPC,40,23066,1,0,75.5555555555556,1905.06648962963,2658.9817,1088.49063852556,6.19800945120692,4.29992798082353,103.261532739387,10.6498567064485,0.220794745627666,135
3,Proposed ET-NMPC,41,23067,1,0,76.1194029850746,1914.34583432836,2659.7709,1077.02080462052,4.6368325206328,2.76476844916474,102.863455537369,11.0736563550171,0.221515649254505,134
3,Proposed ET-NMPC,42,23068,1,0,76.865671641791,1952.11280074627,3534.4841,1082.04335332035,5.09308998352349,3.18116466334695,102.499827664378,10.9448799529165,0.220905998871007,134
3,Proposed ET-NMPC,43,23069,1,0,76.865671641791,1948.27730895522,3359.6383,1076.24594497585,4.35702144931978,2.68882998221875,102.818618888937,11.1145532750177,0.221705699925115,134
3,Proposed ET-NMPC,44,23070,1,0,69.1358024691358,1743.66592777778,2696.1264,1169.3759119282,2.65883027164956,1.05602686873635,120.855434810683,12.5852903160402,0.2639769610912,162
3,Proposed ET-NMPC,45,23071,1,0,76.865671641791,1930.99195373134,2643.7802,1064.11079964273,5.74581816172434,3.7409188570035,102.439819796474,10.9692883279268,0.221018687343237,134
3,Proposed ET-NMPC,46,23072,1,0,76.2962962962963,1920.59044148148,2734.3953,1075.60450643978,6.51851947389999,4.81069723693156,103.274284175353,10.6134934598391,0.220625160683748,135
3,Proposed ET-NMPC,47,23073,1,0,75.9398496240601,1909.47149699248,2685.9062,1079.59884312122,5.43785802730012,3.81492502807479,101.580165546788,10.7062052991537,0.218520610338197,133
3,Proposed ET-NMPC,48,23074,1,0,76.6917293233083,1926.70100827068,2668.9413,1066.97041586162,5.66310279238415,3.85876324520156,101.537209975734,10.7595951458662,0.218769062625309,133
3,Proposed ET-NMPC,49,23075,1,0,76.6917293233083,1936.8757962406,3032.4609,1073.66979921332,2.85425371085303,1.03634537051359,103.25189120326,10.6962510627935,0.218511259293091,133
3,Proposed ET-NMPC,50,23076,1,0,76.1194029850746,1915.13479925373,2702.0143,1077.59476921267,5.22152092001501,3.46833189165776,102.450180162357,10.4519630912645,0.218602269682324,134
3,Proposed ET-NMPC,51,23077,1,0,76.4705882352941,1923.61635220588,2658.9473,1071.62966158933,4.81114389972166,3.10158976882846,105.950500863495,12.691392133097,0.231641387396497,136
3,Proposed ET-NMPC,52,23078,1,0,75.9398496240601,1911.23011954887,2669.6896,1080.67975275263,5.26451239280647,3.60679925000615,101.262912611883,10.3179064564668,0.216699649964997,133
3,Proposed ET-NMPC,53,23079,1,0,76.1194029850746,1913.96385671642,2639.9574,1076.69033796572,3.84927077901185,2.02212825062502,102.909489442715,11.722636820695,0.224548338119846,134
3,Proposed ET-NMPC,54,23080,1,0,76.6423357664234,1926.99758029197,2642.0901,1068.22482112662,4.80465498395054,3.17298087358045,106.073062583607,12.5568947281327,0.232265815969944,137
3,Proposed ET-NMPC,55,23081,1,0,76.1194029850746,1917.40982462687,2665.1771,1078.84489952174,6.46537409600501,4.77551594233697,102.174975480487,10.4673954201284,0.218668245044706,134
3,Proposed ET-NMPC,56,23082,1,0,76.9784172661871,1938.75744748201,2670.3582,1064.85106085889,4.31133079423305,2.58403593312688,108.030738535908,12.564761099101,0.23484606707009,139
3,Proposed ET-NMPC,57,23083,1,0,76.2962962962963,1921.12268074074,2765.4773,1075.79724253547,4.37196575483503,2.7214096945559,102.950917801209,11.4325368606419,0.224444077508073,135
3,Proposed ET-NMPC,58,23084,1,0,75.9398496240601,1911.26854661654,2659.7925,1080.57860979507,3.72752117813879,2.06059094988634,101.322391685585,10.930748561745,0.219563819842561,133
3,Proposed ET-NMPC,59,23085,1,0,76.0869565217391,1920.20619782609,2731.1711,1081.23196906558,4.88970772946528,3.18198802799325,108.771249787065,13.0095592491517,0.235690365662337,138
3,Proposed ET-NMPC,60,23086,1,0,78.5714285714286,1984.43624,2680.892,1040.84094505188,3.70004090751594,1.79702134439286,110.425653035459,13.1443421403101,0.238856758827665,140
3,Proposed ET-NMPC,61,23087,1,0,76.6423357664234,1993.71277226277,4038.9855,1141.20870496375,3.11288612078391,1.19937238689624,107.441255042874,11.0500926086235,0.225257301774253,137
3,Proposed ET-NMPC,62,23088,1,0,77.3722627737226,1950.04497153285,2686.0204,1059.28257046995,3.70831757859117,2.08963390759327,107.702445824539,12.8349922896626,0.233601137380985,137
3,Proposed ET-NMPC,63,23089,1,0,75.7575757575758,1907.53158863636,2665.1228,1083.93625390018,4.29645790745875,1.99645790745875,103.619692755484,10.9481555662219,0.218446186555504,132
3,Proposed ET-NMPC,64,23090,1,0,77.037037037037,1940.22270814815,2660.9189,1063.83775248787,4.5407817065488,2.94446359540042,105.226220898762,12.8963765524393,0.231332862359383,135
3,Proposed ET-NMPC,65,23091,1,0,76.6423357664234,1929.44865182482,2652.7654,1069.73729044943,4.67747247447507,2.69649612402669,106.045324030817,12.7497648604902,0.23316617860453,137
3,Proposed ET-NMPC,66,23092,1,0,77.2058823529412,1940.96340367647,2813.2686,1059.60196279699,5.2662174223473,3.30764272516051,106.763177678812,12.4323646536985,0.230449418513235,136
3,Proposed ET-NMPC,67,23093,1,0,76.865671641791,1938.23270447761,2663.636,1068.23478455922,4.67590224068649,3.05683042042299,102.447122187112,11.0394341740319,0.221346530928247,134
3,Proposed ET-NMPC,68,23094,1,0,77.6978417266187,1961.25531151079,2711.478,1055.45258062218,3.96944798197074,2.10583144354429,108.035505411004,12.7885528910701,0.235891600371704,139
3,Proposed ET-NMPC,69,23095,1,0,77.037037037037,1942.47114444444,2672.9566,1065.3405877966,3.17560912282178,1.40786039027471,105.133126057814,10.6330983812678,0.220758051271239,135
3,Proposed ET-NMPC,70,23096,1,0,76.865671641791,1946.04765597015,3056.8082,1073.7205409472,5.96263550026975,3.95641101828746,102.336894168069,10.6765022580447,0.219648670894887,134
3,Proposed ET-NMPC,71,23097,1,0,77.037037037037,1938.11997185185,2671.4435,1063.0765439154,4.4194494137043,2.51621947851087,103.648505370052,11.5268049244677,0.224899945980777,135
3,Proposed ET-NMPC,72,23098,1,0,76.1194029850746,1912.29186044776,2697.9551,1076.11993548061,4.65372332400929,2.95115556365402,102.965605921688,10.8919867413323,0.220669262639118,134
3,Proposed ET-NMPC,73,23099,1,0,77.6978417266187,1965.12340215827,2915.1574,1058.37732294689,4.05697100085194,2.20839042197338,109.005165589871,12.8136384287031,0.236030333672907,139
3,Proposed ET-NMPC,74,23100,1,0,76.1194029850746,1920.67094402985,2742.1605,1080.85139826425,6.1438718155323,4.4458757014235,102.334518878029,10.6612184262769,0.219577220782262,134
3,Proposed ET-NMPC,75,23101,1,0,76.1194029850746,1917.56584104478,2707.0415,1078.90399658566,4.73418501327537,2.80342041468197,102.172647796982,11.2315104178037,0.222237701950403,134
3,Proposed ET-NMPC,76,23102,1,0,76.1194029850746,1969.11306791045,3035.7204,1114.34697525364,5.15206982633454,3.28762613644614,102.456644535905,10.9287210604035,0.220829554133762,134
3,Proposed ET-NMPC,77,23103,1,0,77.037037037037,1949.02078518519,2733.8063,1069.15016670129,3.68698089871838,2.01829159359345,104.269195068803,11.9548372467475,0.226913261504986,135
3,Proposed ET-NMPC,78,23104,1,0,77.037037037037,1951.38979185185,2735.7566,1070.3339228932,4.93999246952338,3.09449326443534,103.060358661888,11.3839824161488,0.224219690907924,135
3,Proposed ET-NMPC,79,23105,1,0,76.1194029850746,1934.65649477612,2775.7039,1089.06666356497,5.25368057751428,3.36515066630419,102.113956932279,10.7067999226134,0.219785250110005,134
3,Proposed ET-NMPC,80,23106,1,0,76.3358778625954,1937.33097328244,2737.944,1083.97784213271,4.51720134586852,2.53070678159892,100.460907016911,11.1577824807629,0.218105248474797,131
3,Proposed ET-NMPC,81,23107,1,0,76.6423357664234,1947.66087591241,2825.5445,1080.34322714975,4.29261132199542,2.4975877468276,107.124523173034,12.8879374606607,0.233835624239916,137
3,Proposed ET-NMPC,82,23108,1,0,77.8571428571429,1971.26935428571,2679.5921,1055.95128843725,3.55778177752412,1.82145308772858,109.647890543227,12.8186010233359,0.237317798856004,140
3,Proposed ET-NMPC,83,23109,1,0,78.4172661870504,1979.03475395683,2706.1578,1042.98621146078,4.6865879603725,2.86750348178646,108.655906551592,12.8092214711443,0.236001938859206,139
3,Proposed ET-NMPC,84,23110,1,0,76.1194029850746,1920.24523507463,2648.6427,1080.3969122265,4.77943645836797,2.88077317750435,102.421652176386,10.6866421393594,0.219697922137467,134
3,Proposed ET-NMPC,85,23111,1,0,76.1194029850746,1921.17603059701,2865.7726,1081.34483445616,5.31876649043741,3.62821751183987,102.422616056503,10.8945778204127,0.220669300238517,134
3,Proposed ET-NMPC,86,23112,1,0,77.3722627737226,1954.61780364963,2725.6508,1061.97333989197,3.65668045950488,1.99378338461629,107.191011869113,12.1408344690417,0.230347063505647,137
3,Proposed ET-NMPC,87,23113,1,0,76.1194029850746,1916.98474179104,2686.8363,1078.57089576602,3.88143492861645,2.2637151958689,102.571846430964,10.5387971429081,0.219010612447003,134
3,Proposed ET-NMPC,88,23114,1,0,76.1194029850746,1916.15756268657,2663.2864,1077.9520370926,5.18660190335915,2.91026298747767,103.228599759923,12.6307479366277,0.228797605673229,134
3,Proposed ET-NMPC,89,23115,1,0,76.1194029850746,1918.79827014925,2694.8955,1079.62178991793,4.93626114226433,2.93764084099836,102.578947151915,10.7197125017307,0.219855903417016,134
3,Proposed ET-NMPC,90,23116,1,0,76.8115942028985,1938.1605884058,2764.5898,1069.76065940926,4.83121163090413,2.94223905920671,108.65549059967,13.0160447716532,0.235718089891065,138
3,Proposed ET-NMPC,91,23117,1,0,76.1194029850746,1917.64676940299,2652.3318,1078.88563880203,4.27982138688695,2.47664699210344,102.488266943964,10.6745194683086,0.219642772273726,134
3,Proposed ET-NMPC,92,23118,1,0,75.7575757575758,1904.20797121212,2671.4897,1082.04000465701,5.64984189998943,4.02770225894197,100.795486945208,10.2098911267707,0.214934676830665,132
3,Proposed ET-NMPC,93,23119,1,0,76.6917293233083,1936.22946917293,2671.8579,1072.20850737691,3.84046992758795,2.25194608460953,101.281024243736,11.4583866081106,0.222027724011241,133
3,Proposed ET-NMPC,94,23120,1,0,76.865671641791,1939.47415671642,2716.7899,1068.98061227691,3.24675132944829,1.4159886601275,102.270205581857,10.3243783525731,0.218002267253601,134
3,Proposed ET-NMPC,95,23121,1,0,76.6917293233083,1931.62397218045,2677.0382,1069.58756653261,4.75257943752717,2.8077518168469,101.469346029697,10.8944986817613,0.219397746769586,133
3,Proposed ET-NMPC,96,23122,1,0,76.2962962962963,1922.57743481481,2670.0943,1076.52095538724,3.6866236919059,1.96411143639075,103.555681429327,11.5615085798745,0.225059998873938,135
3,Proposed ET-NMPC,97,23123,1,0,76.6917293233083,1932.22630075188,2722.7928,1070.1015349455,4.2103079852214,2.51313899017067,101.64917569196,11.3412914693221,0.221488903577623,133
3,Proposed ET-NMPC,98,23124,1,0,75.5725190839695,1903.87938091603,2724.5847,1087.52632130623,4.70377001626828,2.40377001626828,100.106176955871,10.9141602757492,0.216959301855416,131
3,Proposed ET-NMPC,99,23125,1,0,76.6423357664234,1926.72548467153,2641.0104,1068.13501375426,5.01490349656792,3.40396020825307,107.724845302573,12.4863031506957,0.231972758740847,137
3,Proposed ET-NMPC,100,23126,1,0,77.2058823529412,1955.23718308824,3287.2373,1069.37190119361,4.5473332762223,2.661166396934,104.285248279574,11.2374382761425,0.224812340194605,136
3,C-NMPC,1,24027,1,0,100,2511.13551538462,2699.3654,41.8642640573569,4.34741099225002,2.04741099225002,111.572209140606,9.40403283379078,0.208909650091769,130
3,C-NMPC,2,24028,1,0,100,2519.70331560284,2737.8465,45.7928355255855,4.0900518956484,2.48539080530379,121.866641757885,12.6635406160001,0.238114973043649,141
3,C-NMPC,3,24029,1,0,100,2515.50628421053,2768.0088,47.6174514154019,2.20986544513568,0.411249806125481,115.331998676965,9.79388559325796,0.21456437028958,133
3,C-NMPC,4,24030,1,0,100,2516.18294962963,2655.8527,41.5659014994421,5.50745404152122,3.69165049403784,116.710045354466,11.0419705286464,0.222925333175824,135
3,C-NMPC,5,24031,1,0,100,2516.72093656716,2679.3465,47.3497181274435,5.21025544346945,3.22068061732171,114.862573722073,11.1574616783196,0.22217378690699,134
3,C-NMPC,6,24032,1,0,100,2510.83909851852,2645.9321,44.0882542328723,3.40878582260115,1.53996716766212,117.05626516656,11.886853954664,0.226879839525251,135
3,C-NMPC,7,24033,1,0,100,2506.15262781955,2655.5999,45.0569612091576,5.04676615485289,3.40702161216845,113.518719196947,11.0426930937074,0.220357790227838,133
3,C-NMPC,8,24034,1,0,100,2520.9962481203,2681.0983,46.1078163240898,5.16881713596215,3.51321095378922,114.268932772684,10.9140027664137,0.219773293968846,133
3,C-NMPC,9,24035,1,0,100,2517.65269064748,2666.5038,41.6909523375709,4.29881158400666,2.4047531730188,120.748737137509,12.5983684945329,0.235285683808469,139
3,C-NMPC,10,24036,1,0,100,2519.33820522388,2671.4205,42.6897839230892,4.60123250196123,2.75095523995668,114.976027281361,11.2444504506313,0.222582669933567,134
3,C-NMPC,11,24037,1,0,100,2520.66505298507,2758.5547,52.5905261874674,4.79736443510689,2.86758627490732,115.189692408413,11.1829214616975,0.222299989770625,134
3,C-NMPC,12,24038,1,0,100,2519.54270074627,2697.7153,48.3492227730091,4.44723923096831,2.47670461861548,115.022071543328,11.2244629412707,0.222490322917089,134
3,C-NMPC,13,24039,1,0,100,2519.70650373134,2714.9865,53.46401942625,5.31681239236938,3.56379937104109,114.750151227356,11.1025128133196,0.221914598931401,134
3,C-NMPC,14,24040,1,0,100,2514.3772962406,2654.2944,46.701200607663,5.35239468517318,3.71116093805021,115.060382112819,10.820828062473,0.219355622757837,133
3,C-NMPC,15,24041,1,0,100,2519.32425522388,2711.2646,47.1744828731897,4.48029553910359,2.47368525274904,115.264966639202,10.4913373473565,0.21907097674003,134
3,C-NMPC,16,24042,1,0,100,2516.08869473684,2705.7819,44.3784045442753,3.79309302103148,2.1847589451574,113.44254578351,11.7676054578899,0.223742473815142,133
3,C-NMPC,17,24043,1,0,100,2524.99754751773,3162.214,77.6799182054195,5.11008829834865,3.37866177039674,123.432305636121,12.5593363025445,0.237662982567134,141
3,C-NMPC,18,24044,1,0,100,2518.9397528169,2656.6209,42.1454519665905,5.03938592877595,3.07082366637283,125.742858478481,13.4375567857061,0.243066872442908,142
3,C-NMPC,19,24045,1,0,100,2517.82579294872,2661.9196,44.5993516287041,3.7546895082091,1.88730824511397,130.686026031851,11.943608072476,0.253697845907528,156
3,C-NMPC,20,24046,1,0,100,2518.00667164179,2696.7307,44.938482945036,2.82320485980169,1.24622781553599,115.728706133752,10.2010907337663,0.217725415738646,134
3,C-NMPC,21,24047,1,0,100,2519.97388188406,2705.1598,46.7962136931434,4.21372397161979,2.26757502840577,120.99022536862,12.9033790436031,0.235465885207118,138
3,C-NMPC,22,24048,1,0,100,2513.89665037594,2690.216,48.6029947382822,4.44294778390055,2.73502395332711,114.265795419835,9.93009705673499,0.215176979006109,133
3,C-NMPC,23,24049,1,0,100,2586.96078074074,3997.7317,294.203389550388,4.92959510442252,3.27499194666855,117.816460604655,10.9015435535191,0.222293925597574,135
3,C-NMPC,24,24050,0,0,100,2559.1568466,2783.8265,37.3319958946774,4.74013720357904,2.44013720357904,132.064912736189,9.50228691614719,1.29732403043258,1000
3,C-NMPC,25,24051,1,0,100,2517.50512074074,2668.5693,42.1353512401211,5.41804626650532,3.57626469701579,116.458613003892,11.2398452296468,0.223844103322072,135
3,C-NMPC,26,24052,1,0,100,2517.38934253731,2712.6371,49.8037617765596,5.33199320005877,3.64676509701372,115.203222302433,10.5023975401182,0.21912127154413,134
3,C-NMPC,27,24053,1,0,100,2516.17709202899,2682.556,47.1601834512462,4.90000918655146,2.60000918655146,120.236859621895,12.8625133803788,0.235258242719304,138
3,C-NMPC,28,24054,1,0,100,2513.45353357664,2777.3932,48.7814865494438,3.30680744481159,1.35154359069747,120.467000761204,12.8241875162521,0.233834320430138,137
3,C-NMPC,29,24055,1,0,100,2517.00293823529,2690.9098,47.3177015894382,5.7932309490828,4.19686735352883,116.930943471527,10.4483886054242,0.221407366467246,136
3,C-NMPC,30,24056,1,0,100,2513.60891060606,2711.1674,47.978301515688,6.28690462718058,4.35886911006713,113.366131919301,10.5226969970659,0.216675274776564,132
3,C-NMPC,31,24057,1,0,100,2519.18738571429,2737.2088,47.0988118825166,4.29485486127717,2.55098778083997,122.358269094258,12.8578193728771,0.237783457431265,140
3,C-NMPC,32,24058,1,0,100,2517.80551944444,2700.7977,47.5385026945826,3.9767106506294,2.34831427762541,126.252035874355,10.5596231457669,0.232134126063862,144
3,C-NMPC,33,24059,1,0,100,2514.67939626866,2659.9255,43.6449877282025,5.68901033192586,3.7803272118228,115.790222016568,10.7400034288011,0.220244274919355,134
3,C-NMPC,34,24060,1,0,100,2513.09427669173,2701.5257,46.6074353942423,3.68155184450378,2.10034195917234,113.965228309017,9.96846619073926,0.215349538405828,133
3,C-NMPC,35,24061,1,0,100,2520.99221703704,2680.8162,47.8729754973522,3.44303435610038,1.46050839497166,116.826068849685,9.620333670892,0.216286836440208,135
3,C-NMPC,36,24062,1,0,100,2516.89162846715,2881.486,53.5913431130891,4.84931693031511,3.20326832030494,118.743760379767,11.066296468962,0.22558416373567,137
3,C-NMPC,37,24063,1,0,100,2513.82757368421,2621.0467,40.2581209219387,4.24571792771464,2.43846052240141,114.099848056644,11.2957291803256,0.221552744207129,133
3,C-NMPC,38,24064,1,0,100,2535.39048208955,2856.1091,66.7469798244782,3.61212478385029,2.01528024409938,115.848002693924,11.7685598709063,0.225050386885385,134
3,C-NMPC,39,24065,1,0,100,2520.53425597015,3551.7615,100.216568432102,4.51082735204299,2.50544920288259,114.941299749222,11.1005016679359,0.221909451754324,134
3,C-NMPC,40,24066,1,0,100,2516.77054402985,2679.7416,47.1715219142051,5.25578234163308,3.43578959503562,114.962356661991,10.9074096253655,0.221007904001141,134
3,C-NMPC,41,24067,1,0,100,2514.86700522388,2707.5334,47.704682036378,5.26523293653463,3.49272811261134,114.969248749224,11.0605301627361,0.22172334881178,134
3,C-NMPC,42,24068,1,0,100,2517.4273641791,2700.322,45.2479380750778,5.15135596831062,3.56954211977141,115.051293569445,10.7442285368567,0.220247591577685,134
3,C-NMPC,43,24069,1,0,100,2516.85279172932,2660.2582,43.0589335181289,4.99069834321587,3.25779862865596,114.240591143507,10.2930649871776,0.216871997671861,133
3,C-NMPC,44,24070,1,0,100,2518.93681798561,2706.1364,46.9000212864577,4.62130588090279,2.59869678652873,122.94092216145,13.2262708161781,0.238267599876623,139
3,C-NMPC,45,24071,1,0,100,2516.3635437037,2659.6385,42.4946890705893,3.85117826340949,2.07099813522213,116.426692864888,11.9427603138215,0.227127011593151,135
3,C-NMPC,46,24072,1,0,100,2516.12798283582,2713.4668,48.9664316764914,4.47578422546861,2.56260347080248,115.216257211733,10.8461347868078,0.220727305204031,134
3,C-NMPC,47,24073,1,0,100,2517.14048920863,2679.6255,46.8181768251016,4.56303646872128,2.82634433519067,122.302503028282,12.8378376196006,0.236438874852191,139
3,C-NMPC,48,24074,1,0,100,2515.04906595745,2702.2897,48.85217532736,3.20799917756428,1.43534022423373,123.963880303834,13.0692937464568,0.240057025111232,141
3,C-NMPC,49,24075,1,0,100,2512.60066044776,2674.2327,42.9645941078224,4.27255652892143,2.3364385543057,115.407019416176,10.9789816743779,0.22135212911035,134
3,C-NMPC,50,24076,1,0,100,2511.28626590909,2753.4233,46.2237427486339,4.99325231121053,3.22751521150381,114.446068603534,10.3319537165429,0.215808229759104,132
3,C-NMPC,51,24077,1,0,100,2593.52185746269,3719.375,185.870374884833,6.23675720740319,4.22619497001924,115.556881860517,10.7426629651653,0.220251513416712,134
3,C-NMPC,52,24078,1,0,100,2539.58863382353,2952.2338,76.815609066962,5.75628727875433,4.00751078854844,117.587921565864,10.9300974348468,0.223672234369327,136
3,C-NMPC,53,24079,1,0,100,2526.41515,2994.1728,73.4180517815773,3.8991124144886,2.15971721919529,121.265052412586,13.0391895514233,0.236106421561294,138
3,C-NMPC,54,24080,1,0,100,2516.09235037594,2658.9135,47.3697958056138,4.5417558076442,2.9174003995165,114.904942587681,11.0123891756651,0.220247032603508,133
3,C-NMPC,55,24081,1,0,100,2516.540125,2717.7697,49.11309821938,3.36276747427103,1.43448872054373,113.623402750628,9.84923539330681,0.213534964128588,132
3,C-NMPC,56,24082,1,0,100,2518.94824676259,2679.7996,44.0730502404934,5.06270911356721,3.37140548835698,121.347044967726,12.8540559027902,0.236493405002317,139
3,C-NMPC,57,24083,1,0,100,2515.70193065693,2660.5364,45.8432922938161,4.3020837582419,2.31362648465567,119.058820946342,11.8115312234848,0.229072476006293,137
3,C-NMPC,58,24084,1,0,100,2514.14294661654,2703.8448,45.1234725330407,6.50938696874604,4.70436014106688,114.195873268825,10.6245824327176,0.218419664008336,133
3,C-NMPC,59,24085,1,0,100,2512.59810882353,2687.0321,40.8399855610169,6.14352145684909,4.16478011416109,117.662984510365,10.9084337733206,0.223572702187345,136
3,C-NMPC,60,24086,1,0,100,2520.02646666667,2883.2596,60.7552708777113,4.94049455468638,2.64049455468638,114.723336395953,10.8164877361992,0.218077857328853,132
3,C-NMPC,61,24087,1,0,100,2523.98640909091,3167.2336,70.7050920307729,5.09436939559597,2.79436939559597,114.842449166887,10.5299386174502,0.216741910538877,132
3,C-NMPC,62,24088,1,0,100,2514.15390902256,2676.9419,46.6429689705414,5.46333368033577,3.86964920616533,115.309849664366,10.6403028808353,0.21851785598984,133
3,C-NMPC,63,24089,1,0,100,2512.0453924812,2638.2126,37.2217046662937,4.74065297223372,2.44065297223372,115.247333948005,11.2049883580656,0.221154354623903,133
3,C-NMPC,64,24090,1,0,100,2517.04833816794,2693.9632,42.0788959438621,4.56224438424056,2.26224438424056,114.832374493178,10.6008644067154,0.215823011415663,131
3,C-NMPC,65,24091,1,0,100,2515.92968382353,2659.9202,43.1599015358421,4.51229110209827,2.76666807517191,117.639390829847,12.6096300165248,0.231519194619445,136
3,C-NMPC,66,24092,1,0,100,2519.45948208955,2690.3083,46.9426324077373,4.66670912853632,3.05521145581215,115.568110039797,11.0197475458993,0.22154614375895,134
3,C-NMPC,67,24093,1,0,100,2516.02166119403,2715.6172,48.8750250178347,3.78276750028606,2.1567033067271,115.059034370484,11.0291861624744,0.221578922789443,134
3,C-NMPC,68,24094,1,0,100,2523.98576176471,2715.3067,48.7840205302546,4.22544836509272,2.20785093050169,117.646121917157,11.3946943714359,0.225843859114248,136
3,C-NMPC,69,24095,1,0,100,2509.98242058823,2673.0206,42.9541030214967,4.90317228829119,3.00892568299524,118.688559963217,10.6734652263631,0.22249785396932,136
3,C-NMPC,70,24096,1,0,100,2515.67193851852,2666.6523,44.0535856892811,4.16678598988598,2.35737143216876,116.083371776992,11.4095764577415,0.224628651936526,135
3,C-NMPC,71,24097,1,0,100,2517.43198208955,2667.7448,46.7573863047316,3.74669777638941,1.85452657824266,116.018344747734,11.2363588408965,0.222568033167026,134
3,C-NMPC,72,24098,1,0,100,2517.32376793893,3004.3114,59.781564894712,5.02375950178518,2.72375950178518,114.001789932827,10.8403147892302,0.216923129339308,131
3,C-NMPC,73,24099,1,0,100,2521.53684925373,3275.9265,79.9409484999841,2.82394445900724,0.976633571303948,115.085988421326,10.1835275466109,0.217629087948531,134
3,C-NMPC,74,24100,1,0,100,2522.78721176471,2816.9372,58.2146780682788,4.77954019975135,2.99418409717247,116.923549337728,12.6745741782618,0.231806669043417,136
3,C-NMPC,75,24101,1,0,100,2511.37158106061,2636.9532,46.3836933522339,3.84839542364028,1.87266218329725,113.701859632535,9.63099705453479,0.212517222803732,132
3,C-NMPC,76,24102,1,0,100,2520.90524885496,3180.9591,83.4348514562012,3.1444077645408,1.18638132257786,115.439724837082,9.98436213492851,0.212956561763196,131
3,C-NMPC,77,24103,1,0,100,2512.97669924812,2675.8703,52.133604182319,5.88612625818634,3.97460476461405,114.122798365176,10.7063613521753,0.218800064502483,133
3,C-NMPC,78,24104,1,0,100,2506.29162518518,2654.2477,45.7093494042255,3.93617835595292,2.21725042215725,116.863932292173,11.3906412102054,0.224557543069405,135
3,C-NMPC,79,24105,1,0,100,2514.13661056338,2696.1708,52.6070189562875,3.27370765913723,1.44176803535997,124.885909474561,13.3110461440912,0.24245684370588,142
3,C-NMPC,80,24106,1,0,100,2510.98873115942,2687.2761,49.5975345722042,5.43158315398626,3.77849632086535,119.66138589619,10.8273538783181,0.225738352168947,138
3,C-NMPC,81,24107,1,0,100,2508.89126240601,2649.4265,44.8506706452487,4.86643563799766,2.94057555783563,115.35251687337,10.9502855472222,0.219966866034448,133
3,C-NMPC,82,24108,1,0,100,2509.68318613139,2849.3881,54.3013390621008,4.08837417369546,2.32017760982583,118.543193248134,12.9122229095048,0.234202820203407,137
3,C-NMPC,83,24109,1,0,100,2503.31195639098,2624.5183,40.8988654830283,4.41170764606398,2.51812325604072,113.493102450686,11.0298481706664,0.220297216826319,133
3,C-NMPC,84,24110,1,0,100,2510.27961641791,2846.8762,57.1496719300659,3.770259133598,2.13799847277602,115.69902975032,10.8664800176192,0.220833074775171,134
3,C-NMPC,85,24111,1,0,100,2504.09653834586,2736.9018,42.8226722260157,4.92161005464823,3.20838960907227,115.119834829294,10.9101401361054,0.219774158901855,133
3,C-NMPC,86,24112,1,0,100,2527.7033962963,2944.1557,81.8728362589983,4.6307835830987,2.8119240236257,116.591813847158,12.7087655463305,0.230709019677319,135
3,C-NMPC,87,24113,1,0,100,2574.97127819549,3953.3804,174.136960784045,4.31275785652203,2.40150534877843,114.230772040292,10.3355798871624,0.217070384788068,133
3,C-NMPC,88,24114,1,0,100,2625.92517037037,3349.9225,150.170985836515,4.99534587852359,3.31966345242537,116.409979926189,10.8678069842695,0.222105072497892,135
3,C-NMPC,89,24115,1,0,100,2649.78906466165,3276.1135,127.440476693953,3.48958560558923,1.81535134811102,115.032191863851,10.0127202670346,0.215579978463455,133
3,C-NMPC,90,24116,1,0,100,2594.99889776119,3285.0048,100.995456178704,4.01887747297343,2.35325294188491,114.943279487574,11.0844802736988,0.221834652949717,134
3,C-NMPC,91,24117,1,0,100,2625.45870714286,3153.6245,116.028016538776,4.37087873852351,2.51761385327012,122.079376450193,12.8109274987199,0.237558207776246,140
3,C-NMPC,92,24118,1,0,100,2558.70310291971,2753.3477,59.2117452254493,3.8374430709495,2.24451356769175,118.420841846988,10.9183242569328,0.224885746149224,137
3,C-NMPC,93,24119,1,0,100,2603.82337132353,3958.766,140.844591029767,4.58123573680566,2.93087191924751,119.620032879511,12.7940192094046,0.232424569831097,136
3,C-NMPC,94,24120,1,0,100,2600.81633432836,2911.5837,101.297013380208,4.13749365203503,2.47210201979088,116.812705187634,12.0227886109883,0.226259436118675,134
3,C-NMPC,95,24121,1,0,100,2581.07907132353,2862.472,82.8481114649247,4.29809887431577,2.51070835857621,117.548422983575,11.3291552862156,0.225535526871591,136
3,C-NMPC,96,24122,1,0,100,2632.85765035971,3430.8091,127.268834223986,5.17539805874689,3.22628304741829,121.574085435228,12.6810976371199,0.235690488162122,139
3,C-NMPC,97,24123,1,0,100,2616.59056466165,2987.7504,82.4370727600519,5.67891182678554,3.83381720415721,114.051687780763,10.320334098465,0.216995185524942,133
3,C-NMPC,98,24124,1,0,100,2656.05564782609,3302.5005,131.824067869292,3.94884618986133,1.94014793016095,120.814687332176,12.8406480432881,0.235168940974678,138
3,C-NMPC,99,24125,1,0,100,2609.29161136364,3060.2722,97.188404214016,5.64908962359286,3.7697624814561,114.160188616365,10.3479636931941,0.215876666332856,132
3,C-NMPC,100,24126,1,0,100,2597.32373430657,3010.8555,101.140621020317,3.7211863422845,1.70671508886524,120.787336986565,13.2520121782634,0.235839991362605,137
3,NP-ET-NMPC,1,25027,1,0,75.3731343283582,1982.97424477612,3045.6217,1141.50522898538,3.25557187639934,1.65415566799295,102.33402664219,10.7702669057759,0.220086622026491,134
3,NP-ET-NMPC,2,25028,1,0,75.3731343283582,1983.85080895522,3119.5524,1143.96572496919,2.64823236601489,0.700232232530264,102.434707237792,11.0810743998731,0.2215407743812,134
3,NP-ET-NMPC,3,25029,1,0,75,1938.50848712121,2827.8303,1125.04547999827,4.84224854339643,3.09244946199937,100.4432147785,10.3784794448851,0.215714396846343,132
3,NP-ET-NMPC,4,25030,1,0,75.3731343283582,1985.11206492537,3063.9342,1143.09082243707,4.26949570110655,2.65127415807143,102.329553044415,10.7209072181452,0.219855942358132,134
3,NP-ET-NMPC,5,25031,1,0,75.3731343283582,1990.46764402985,3041.3031,1144.42627021387,3.29559873117314,1.32965733583537,102.395055197903,10.9258239593176,0.22081465188102,134
3,NP-ET-NMPC,6,25032,1,0,75.187969924812,1978.47921203007,3047.8351,1145.79650407308,3.91286623213133,1.61286623213133,101.50935109864,10.4979924855653,0.21754638539746,133
3,NP-ET-NMPC,7,25033,1,0,74.6268656716418,1959.93887835821,3079.1365,1151.93022454296,5.80638407848578,4.19726772109224,102.369639648302,10.5224552215026,0.218929778844378,134
3,NP-ET-NMPC,8,25034,1,0,75.3731343283582,1954.8331761194,2793.0102,1122.94499338231,4.78856087397254,3.13726261549928,102.163950557493,10.4366747233638,0.218524490505817,134
3,NP-ET-NMPC,9,25035,1,0,74.6268656716418,1926.48595223881,2958.2549,1129.72561538401,3.54801836468952,1.90730736314288,102.379122148258,10.346961096529,0.21811018129708,134
3,NP-ET-NMPC,10,25036,1,0,75.187969924812,1903.88381729323,2746.8539,1099.69293430197,4.42504110159861,2.6689953704607,101.241687572625,10.5165893791881,0.217627311379313,133
3,NP-ET-NMPC,11,25037,1,0,75.3731343283582,1915.80072014925,2877.6408,1101.92485266055,2.63701753042434,0.877427675240392,102.629800336822,11.0652976621904,0.221471409880225,134
3,NP-ET-NMPC,12,25038,1,0,74.6268656716418,1917.47054626866,2917.9903,1125.10882029276,3.53928520790545,1.79948090537956,102.319767715059,10.6773498969365,0.219652249991579,134
3,NP-ET-NMPC,13,25039,1,0,74.6268656716418,1948.5734880597,2923.9182,1143.81118666319,4.36870118204719,2.41361687649385,102.351898111579,10.6490602323327,0.219520810852885,134
3,NP-ET-NMPC,14,25040,1,0,74.6268656716418,1977.60128283582,3050.5736,1162.8376588628,5.4314027478198,3.58182933157978,102.376550655445,10.547276212822,0.219045881910335,134
3,NP-ET-NMPC,15,25041,1,0,74.6268656716418,1980.52915447761,3135.0501,1165.15631366,4.04808910484106,2.38890928829492,102.318642894222,10.6228129706576,0.219397459639944,134
3,NP-ET-NMPC,16,25042,1,0,75.5555555555556,1949.00229185185,3019.5893,1118.22692828987,4.98315313380129,3.0213791847813,103.284060732114,10.5660662954391,0.220403825329725,135
3,NP-ET-NMPC,17,25043,1,0,75.187969924812,1940.02344210526,4121.5887,1129.86972159682,3.75736054931294,1.45736054931294,102.483202007309,10.8045320663636,0.219000004284778,133
3,NP-ET-NMPC,18,25044,1,0,74.6268656716418,1884.97445298507,2761.1798,1104.35403655587,5.00447618345427,3.26575723488432,102.340051476064,10.453886941759,0.218608809508352,134
3,NP-ET-NMPC,19,25045,1,0,74.6268656716418,1872.10231492537,2692.5482,1096.47947385656,3.89329578993573,2.08147786613597,102.352611975793,10.5417170787305,0.219019380841849,134
3,NP-ET-NMPC,20,25046,1,0,74.6268656716418,1877.19369925373,2651.851,1099.40058668647,4.78177206282726,2.78433091876221,102.342350845129,10.4528142598849,0.218603849648688,134
3,NP-ET-NMPC,21,25047,1,0,75.3731343283582,1897.4467,2680.2795,1089.48323767713,5.50557712543305,3.90845874625434,102.423563114101,10.49865709453,0.218819805893332,134
3,NP-ET-NMPC,22,25048,1,0,75.9124087591241,1909.0919729927,2653.8989,1080.1560470341,5.45935790152391,3.52509525228045,106.306945592069,10.7559257323068,0.223857915346774,137
3,NP-ET-NMPC,23,25049,1,0,75.3731343283582,1905.81239402985,3333.4764,1096.5050823234,5.30745628270747,3.50626020305128,102.21537868602,10.4909467679458,0.218779161332807,134
3,NP-ET-NMPC,24,25050,1,0,75.187969924812,1889.85041278196,2648.3514,1090.49630894325,5.4927106116393,3.47840550836771,101.012084704489,10.4833997735968,0.217467166221521,133
3,NP-ET-NMPC,25,25051,1,0,74.6268656716418,1876.9810380597,2663.6461,1099.32415705276,4.75761055852049,3.12538825664637,102.328053516446,10.574383177359,0.219171432444758,134
3,NP-ET-NMPC,26,25052,1,0,74.6268656716418,1880.98410298507,2654.0917,1101.75864434535,3.85690801770665,2.27472344223291,102.382688627483,10.6872453237141,0.219699874013453,134
3,NP-ET-NMPC,27,25053,1,0,74.6268656716418,1877.68765895522,2679.7968,1099.78637995663,4.54946516465556,2.68127135071706,102.319836630961,10.6250114536715,0.219407756223791,134
3,NP-ET-NMPC,28,25054,1,0,75.3731343283582,1896.59766044776,2714.2728,1088.95776416131,3.81784034962992,1.84568676549598,102.338290691279,10.8400422374978,0.220412667261324,134
3,NP-ET-NMPC,29,25055,1,0,74.6268656716418,1878.22292537313,2663.1596,1100.11925772738,3.9466591458866,2.28761010182194,102.332257701831,10.644349036788,0.219498366385861,134
3,NP-ET-NMPC,30,25056,0,1,70.7547169811321,1790.92191226415,2669.8343,1157.57770311856,1.94554410938144,-0.0774348142089218,78.9552879112334,10.5973332967347,0.183759247496901,106
3,NP-ET-NMPC,31,25057,1,0,75.3731343283582,1903.34841940299,2700.0222,1092.83358443775,3.00779497687815,1.04954693233858,102.466209673632,11.0932148548202,0.221598187703439,134
3,NP-ET-NMPC,32,25058,1,0,74.6268656716418,1878.4171380597,2683.1708,1100.14314797069,4.29822045366567,2.56015008784844,102.339631842309,10.5476520694598,0.219046817279702,134
3,NP-ET-NMPC,33,25059,1,0,75.3731343283582,1902.15368507463,2702.2989,1092.32972365658,2.62985961163622,0.682217559302676,102.316473956205,11.2920507307813,0.222523707835042,134
3,NP-ET-NMPC,34,25060,1,0,75.3731343283582,1902.19909701493,2728.328,1092.23094386715,2.63347774350291,0.758519079930047,102.341890871619,10.8859038336842,0.220626986436088,134
3,NP-ET-NMPC,35,25061,1,0,74.6268656716418,1881.68267462687,2667.4693,1102.17330666524,3.82975909561117,2.13063664516728,102.328539466642,10.7255373120291,0.219877548987039,134
3,NP-ET-NMPC,36,25062,1,0,75.3731343283582,1905.18402164179,2808.8314,1094.39392405639,2.38422538501627,0.706695198920649,102.377561935979,10.81005977023,0.220273479001414,134
3,NP-ET-NMPC,37,25063,1,0,75.3731343283582,1904.60596119403,2739.6652,1093.85882919798,3.59751745617298,1.63389711510871,102.38462671202,10.7469665729675,0.219978900632082,134
3,NP-ET-NMPC,38,25064,0,1,70.1923076923077,1784.72864807692,2661.4879,1169.46212691141,1.828315339496,-0.00543874945276879,77.1551340166826,10.1957091585841,0.17934308560309,104
3,NP-ET-NMPC,39,25065,1,0,75.3731343283582,1899.41596865672,2781.4116,1090.92112431176,4.0660345916869,2.11626932238707,102.10347881073,10.3482079276063,0.218109880371898,134
3,NP-ET-NMPC,40,25066,1,0,75.3731343283582,1902.50657537313,2678.2278,1092.44432371128,4.23073671036705,2.22474363789464,102.369423280857,10.6578474264779,0.219562249050883,134
3,NP-ET-NMPC,41,25067,1,0,75.3731343283582,1901.92668880597,2746.6384,1092.33147085218,4.36298917526981,2.38371280688116,102.349843458894,10.6040578643517,0.219310539846368,134
3,NP-ET-NMPC,42,25068,1,0,74.6268656716418,1880.62938656716,2731.2347,1101.78436773113,3.14556498980167,1.548644673205,102.319555535218,10.8143817329002,0.220292379710188,134
3,NP-ET-NMPC,43,25069,1,0,75,1887.61021818182,2668.1823,1094.80291045618,4.28840519742768,2.54790214806268,100.70425127583,10.4235344038312,0.2159306686799,132
3,NP-ET-NMPC,44,25070,1,0,74.6268656716418,1882.05220820896,2677.2958,1102.55004482005,4.65256279520948,2.77317753564967,102.336796300357,10.5239960867838,0.218936247034301,134
3,NP-ET-NMPC,45,25071,1,0,74.6268656716418,1882.53257462687,2754.9998,1103.03345964937,3.08160657900681,1.35317536211898,102.955707196307,11.0477737005767,0.221396790319913,134
3,NP-ET-NMPC,46,25072,1,0,75.187969924812,1896.29587518797,2684.0368,1094.33652714041,4.01415934769574,2.15471406981037,101.537742737795,10.7403635195082,0.218679235295622,133
3,NP-ET-NMPC,47,25073,1,0,75.3731343283582,1925.95891940298,2888.6918,1107.51266445711,2.41556796754113,0.758726239503506,102.395115953656,10.9011818083556,0.220699539183082,134
3,NP-ET-NMPC,48,25074,1,0,75.3731343283582,1895.93887686567,2682.3769,1088.62352037243,4.58285795800422,2.5731614039444,102.336833996271,10.8561022796975,0.220487658230314,134
3,NP-ET-NMPC,49,25075,1,0,75.3731343283582,1909.37798208955,3045.7268,1098.24825897042,3.33159053049037,1.50579520632758,102.321692702108,10.7309883515202,0.219902860978339,134
3,NP-ET-NMPC,50,25076,1,0,74.6268656716418,1878.05803955224,2678.5296,1100.0371093689,4.48100185810846,2.68726639450361,102.333868846681,10.6095175753052,0.219335689504725,134
3,NP-ET-NMPC,51,25077,1,0,74.6268656716418,1877.77635447761,2687.4467,1100.04940197893,5.28663410938682,2.98663410938682,102.34450829122,10.4938586318526,0.21879563344384,134
3,NP-ET-NMPC,52,25078,1,0,75.3731343283582,1899.39702238806,2744.3416,1090.88714074018,4.11661408835278,2.14190734355251,102.221002659851,10.5540416061768,0.219074029340026,134
3,NP-ET-NMPC,53,25079,1,0,75.3731343283582,1896.66216119403,2659.826,1089.0178918126,3.17657784390782,1.456773525844,102.077971652943,10.890493008996,0.220642559569232,134
3,NP-ET-NMPC,54,25080,1,0,74.8148148148148,1892.69390888889,3374.7027,1105.58511756545,4.21503646927892,2.2817160720282,103.269732029392,10.6141431293924,0.220628094409862,135
3,NP-ET-NMPC,55,25081,1,0,75.3731343283582,1900.01647014925,2661.7465,1091.05388396472,2.76326137795118,0.812981069871876,102.374905743125,10.8341193764732,0.220385812706927,134
3,NP-ET-NMPC,56,25082,1,0,75.3731343283582,1900.69304328358,2696.7882,1091.48178955744,3.25919108966262,1.29060016465573,102.387191992394,10.9116373549106,0.220748205433961,134
3,NP-ET-NMPC,57,25083,1,0,74.6268656716418,1888.31059626866,3270.7251,1108.71174516955,3.9361938773128,2.2902094423087,102.307465920722,10.7529176857741,0.220004986146227,134
3,NP-ET-NMPC,58,25084,1,0,75.3731343283582,1900.70654477612,2669.6282,1091.51911161093,5.29812068117675,3.28943546943703,102.371116250549,10.5127983151556,0.218884700109541,134
3,NP-ET-NMPC,59,25085,1,0,74.6268656716418,1874.98264552239,2691.2375,1098.25101980658,4.49493011379578,2.89774965406383,102.358518853836,10.5198048857295,0.218917150861358,134
3,NP-ET-NMPC,60,25086,1,0,75.9124087591241,1909.11136350365,2697.9491,1080.21052005008,4.18190023727387,2.38080440363489,106.313293535257,10.7900683481303,0.22401755120324,137
3,NP-ET-NMPC,61,25087,1,0,75.3731343283582,1902.91355149254,2729.6536,1092.80972969989,3.50081495697291,1.47880570891627,102.380888657471,10.9087185274047,0.220734430265646,134
3,NP-ET-NMPC,62,25088,1,0,74.6268656716418,1875.43979029851,2734.1246,1098.73129869264,3.19763427852212,1.52001672303212,102.360443316121,10.613320562086,0.219354045429595,134
3,NP-ET-NMPC,63,25089,1,0,75.3731343283582,1899.12949179104,2672.4164,1090.45374299269,2.13596529000081,0.355247558671104,102.365302274934,10.8498810375969,0.22045922877063,134
3,NP-ET-NMPC,64,25090,1,0,75.187969924812,1890.82703759399,2664.374,1091.17223984393,2.47427553405725,0.761121369182311,102.184513082549,11.174796042123,0.22072302846845,133
3,NP-ET-NMPC,65,25091,1,0,75.3731343283582,1898.87403432836,2667.9168,1090.37433949935,5.77366559997789,3.96609962260612,102.347377703404,10.5328651847251,0.218977913534117,134
3,NP-ET-NMPC,66,25092,1,0,75.3731343283582,1900.53909104478,2678.645,1091.49903477512,5.35726132840072,3.53648308278181,102.330442332399,10.5288691620873,0.218958870058217,134
3,NP-ET-NMPC,67,25093,1,0,74.6268656716418,1877.34244477612,2667.6511,1099.56831802312,3.48247115982543,1.64396255548788,102.788422425036,10.8688331178164,0.220557164729657,134
3,NP-ET-NMPC,68,25094,1,0,75.3731343283582,1895.97836791045,2656.0197,1088.70226935381,2.61171884655214,0.709012388019637,102.442708820035,11.0423089417019,0.221359862125253,134
3,NP-ET-NMPC,69,25095,1,0,74.6268656716418,1888.17505671642,3204.7293,1107.71178908646,3.3355658958798,1.41378854602974,102.359309432067,10.5406136061821,0.219014374881021,134
3,NP-ET-NMPC,70,25096,1,0,74.6268656716418,1882.61529850746,2664.3082,1102.70971702856,4.33604026133857,2.74146446015155,102.323929166795,10.5466613373955,0.219041840197286,134
3,NP-ET-NMPC,71,25097,1,0,75.187969924812,1893.40583834586,2676.9553,1092.40899963513,2.94645903699567,1.05721628946894,102.119858992635,11.4735265743676,0.222117090054382,133
3,NP-ET-NMPC,72,25098,1,0,75.3731343283582,1898.52627761194,2683.3283,1090.17979308544,4.53288603842988,2.6848823543351,102.207064106875,10.5731434360909,0.219162952428431,134
3,NP-ET-NMPC,73,25099,1,0,75.3731343283582,1897.30818507463,2680.9485,1089.63534938154,3.01940723692449,1.17034841441273,102.395875150169,10.9335708177581,0.220850858998039,134
3,NP-ET-NMPC,74,25100,1,0,75.3731343283582,1895.54761865672,2654.2364,1088.52422125119,3.84526867809749,1.91569525219009,102.119999491771,10.8405591570581,0.220410231098582,134
3,NP-ET-NMPC,75,25101,1,0,75.3731343283582,1900.39425298507,2658.5132,1091.30678005731,3.04508780188438,1.19596075078201,102.368208462578,11.2014135141937,0.222101452207537,134
3,NP-ET-NMPC,76,25102,1,0,76.1194029850746,1920.22666641791,2720.8508,1080.76210327021,4.55866761310288,2.6251316970819,102.400093701578,10.5603730640355,0.219107586094093,134
3,NP-ET-NMPC,77,25103,1,0,74.6268656716418,1877.23486791045,2650.427,1099.53572482479,4.21594142334887,2.31688505171756,102.393045059428,10.7994955848696,0.220224473233497,134
3,NP-ET-NMPC,78,25104,1,0,75.3731343283582,1895.13529179104,2664.7005,1088.27207825602,4.33980697767231,2.58064674236058,102.338376532423,10.5612034737397,0.219110093801063,134
3,NP-ET-NMPC,79,25105,1,0,75.3731343283582,1896.77175298508,2648.7514,1088.9905074629,5.44838183522938,3.66817570770253,102.211712000309,10.4836754169034,0.218745112253891,134
3,NP-ET-NMPC,80,25106,1,0,75.3731343283582,1898.60766268657,2668.8795,1090.37286730404,5.34211731296399,3.44824186801467,102.362894749166,10.5160667942983,0.218899785876362,134
3,NP-ET-NMPC,81,25107,1,0,75.5555555555556,1903.13527555556,2689.5849,1087.6579093746,3.87324395616406,1.87053622353073,103.272066315442,10.6190616434804,0.220651122770125,135
3,NP-ET-NMPC,82,25108,1,0,74.6268656716418,1877.84914626866,2683.629,1099.86207039228,4.9304030817216,3.23664673601582,102.383824811613,10.405428938929,0.218383414150207,134
3,NP-ET-NMPC,83,25109,1,0,74.6268656716418,1879.26245671642,2702.8014,1100.83462204067,4.69901810452576,2.99218360878846,102.344326935627,10.4626997610277,0.218650072974291,134
3,NP-ET-NMPC,84,25110,1,0,75.3731343283582,1897.42937910448,2677.8212,1089.68650247869,5.09988705695495,3.29263427498396,102.333665941668,10.6083506000811,0.219330233554321,134
3,NP-ET-NMPC,85,25111,0,1,69.9029126213592,1781.22391747573,3520.2195,1179.25235984016,1.83276739094441,-0.135468035851545,76.2551210602141,8.73977881326929,0.171271810702055,103
3,NP-ET-NMPC,86,25112,1,0,74.6268656716418,1878.46560373134,2706.3013,1100.44983152054,4.84670547048759,3.13820578508544,102.333883555153,10.5041017835791,0.218843247490231,134
3,NP-ET-NMPC,87,25113,1,0,74.8148148148148,1885.2982037037,2707.9606,1099.12222386401,3.5325900812861,1.63221332703507,103.226254293295,10.7267934021976,0.221153365940911,135
3,NP-ET-NMPC,88,25114,1,0,74.6268656716418,1889.48122462687,2783.0131,1107.31933596587,4.32030360679344,2.48145011012098,102.328019530299,10.5716272155332,0.219158557410696,134
3,NP-ET-NMPC,89,25115,1,0,75.3731343283582,1902.53448731343,2702.159,1092.52463546894,6.5675827268048,4.57066155507887,102.466416705048,10.6452029896663,0.219505336876918,134
3,NP-ET-NMPC,90,25116,1,0,75.3731343283582,1917.51088432836,2710.7436,1101.59394065071,1.91387953488811,0.297464774312393,102.39007830851,10.8515119203836,0.2204673979016,134
3,NP-ET-NMPC,91,25117,1,0,74.6268656716418,1897.97608134328,2824.0377,1112.81442393549,3.88790994513817,2.28215147310845,102.367316598628,10.534316875957,0.218985138092575,134
3,NP-ET-NMPC,92,25118,1,0,75.3731343283582,1919.18325,2828.0414,1102.74032226174,6.29285377798446,3.99285377798446,102.369702715816,10.522231703179,0.218928736095996,134
3,NP-ET-NMPC,93,25119,0,1,69.9029126213592,1783.98598640777,2724.1068,1177.49862745297,1.80447620615627,-0.0335673059096844,76.2547455366415,9.22327880704908,0.173530438042315,103
3,NP-ET-NMPC,94,25120,1,0,74.8148148148148,1904.29578740741,2817.3202,1110.45598378308,4.4257489400905,2.54947168771251,103.341083069909,10.6124091898628,0.220621580013881,135
3,NP-ET-NMPC,95,25121,1,0,74.6268656716418,1921.92605970149,2956.1607,1128.20880543068,5.34939783087916,3.66970172090566,102.370221524965,10.5272396862401,0.218952142060245,134
3,NP-ET-NMPC,96,25122,1,0,74.6268656716418,1890.89273955224,2775.9189,1108.06920135371,5.37743635021628,3.73653432479895,102.34502712918,10.5163298502691,0.218900617665318,134
3,NP-ET-NMPC,97,25123,1,0,75.3731343283582,1904.73229552239,2787.7326,1094.41263409795,2.27198708770514,0.475772392128068,102.481632846665,11.0544442343379,0.221417416256365,134
3,NP-ET-NMPC,98,25124,0,1,70.4761904761905,1787.01621904762,2749.0997,1163.20752073168,1.84775714034538,-0.01135810438548,77.7904159847825,10.4918636828959,0.181990667686587,105
3,NP-ET-NMPC,99,25125,1,0,75.3731343283582,1892.51038507463,2664.513,1086.60820763052,3.79549739484586,1.92220032255803,102.353720300135,10.6754966900852,0.219644347370036,134
3,NP-ET-NMPC,100,25126,1,0,75.3731343283582,1892.72764477612,2682.8837,1086.73189502278,3.76375404283284,1.96777061561028,102.34190916945,10.6990695726951,0.2197542039378,134
3,SE-ET-NMPC,1,26027,1,0,77.037037037037,1937.46775259259,3331.4882,1065.14288257943,2.82209550612038,0.979087441042796,103.357927707932,9.8356198825261,0.216993238574897,135
3,SE-ET-NMPC,2,26028,1,0,77.536231884058,1940.54291666667,2666.8805,1049.19926826239,4.59254969042904,2.68854982606696,108.226600241745,13.0267396345131,0.235758519282153,138
3,SE-ET-NMPC,3,26029,1,0,76.2962962962963,1910.9263037037,2640.0382,1070.14083543332,5.14565534574724,3.28846802237625,104.457300751339,11.192396061865,0.22335575209617,135
3,SE-ET-NMPC,4,26030,1,0,77.2058823529412,1935.63638529412,2663.502,1056.59643135088,3.52859862750061,1.88784285292931,106.314435304616,12.2393202689683,0.229537653406093,136
3,SE-ET-NMPC,5,26031,1,0,76.1194029850746,1903.15838283582,2622.2736,1070.89732845349,4.5323621515138,2.81805309259793,103.235410322252,11.2081364709356,0.222152129172182,134
3,SE-ET-NMPC,6,26032,1,0,76.1194029850746,1907.1635858209,2706.9282,1073.29105006381,4.6622679895554,2.71974973807439,102.152255111639,10.9837415187965,0.221079814065684,134
3,SE-ET-NMPC,7,26033,1,0,76.5151515151515,1912.63512575758,2676.313,1064.56760570209,4.5126905194603,2.80875525155011,101.907539743174,11.0052482291653,0.218674843007679,132
3,SE-ET-NMPC,8,26034,1,0,76.865671641791,1923.35040746269,2683.6891,1060.03957211301,4.23350943676795,2.41990067100393,102.0720893517,11.5082186251281,0.22352808994393,134
3,SE-ET-NMPC,9,26035,1,0,76.2962962962963,1907.32818444444,2730.6001,1068.21016608878,3.98736576957756,2.38413192071177,103.275215810198,10.8958323401083,0.22194410729886,135
3,SE-ET-NMPC,10,26036,1,0,76.2962962962963,1914.47122592593,2721.2792,1072.23352018106,5.89378171693907,4.0932942382891,103.215363150654,10.7288353862519,0.221162662898172,135
3,SE-ET-NMPC,11,26037,1,0,75.9398496240601,1901.79281804511,2646.0518,1075.46939884836,4.87944802143068,3.22902168126369,101.298103309126,11.0882439057815,0.220299008350861,133
3,SE-ET-NMPC,12,26038,1,0,76.5151515151515,1911.15055075758,2684.7113,1063.63621624396,3.86844121575691,2.07612540684148,100.437257730369,11.2448344511922,0.219761379996958,132
3,SE-ET-NMPC,13,26039,1,0,76.1194029850746,1910.85713432836,2676.8324,1075.23845579013,5.35803187743732,3.42962407245487,102.718795878198,10.9493846001645,0.220931907969173,134
3,SE-ET-NMPC,14,26040,1,0,76.1194029850746,1909.10888134328,2664.9445,1074.29175871581,5.83541575613683,3.53541575613683,103.472606008677,11.0852107116803,0.221583161283487,134
3,SE-ET-NMPC,15,26041,1,0,76.1194029850746,1906.98179328358,2704.4868,1073.12424679407,4.9972213962645,3.04018759656831,102.314026558533,10.9941831818709,0.221132186469945,134
3,SE-ET-NMPC,16,26042,1,0,76.6917293233083,1924.12368345865,3333.3361,1068.15780382222,4.04087774372505,2.12213599664255,101.867839503005,10.9860709048383,0.219834375279335,133
3,SE-ET-NMPC,17,26043,1,0,77.037037037037,1926.05969037037,2678.5118,1056.47845092922,3.69176081749112,2.05748091507569,103.701158858536,11.3324741580205,0.22399331376361,135
3,SE-ET-NMPC,18,26044,1,0,76.2962962962963,1912.2313,2688.9112,1070.82941349544,4.08156888548462,2.17079834948975,103.192849043266,10.9558610651332,0.222222696827449,135
3,SE-ET-NMPC,19,26045,1,0,75.9398496240601,1902.84960075188,2689.1106,1076.23016527398,3.81983566397772,2.15035053694669,101.419471242654,9.22679066428181,0.211606059559331,133
3,SE-ET-NMPC,20,26046,1,0,75.7575757575758,1897.05795454545,2653.8532,1078.11956095859,5.03173978521079,3.29993967179018,100.445800752517,10.9481274787511,0.218375524413492,132
3,SE-ET-NMPC,21,26047,1,0,75.5555555555556,1893.76193777778,2741.5749,1082.35115339535,3.86673923630797,2.28184447505604,103.436926627238,10.6422105984858,0.220762925022421,135
3,SE-ET-NMPC,22,26048,1,0,76.3358778625954,1909.40954580153,2624.2811,1068.00088150058,5.42527096254276,3.51905685771456,100.776159103097,10.7273111316532,0.216101337917299,131
3,SE-ET-NMPC,23,26049,1,0,76.2962962962963,1912.24421185185,2698.7778,1070.90157134861,5.46534599292908,3.63993848632876,103.440963593865,10.7676769856453,0.221349121998521,135
3,SE-ET-NMPC,24,26050,1,0,77.2058823529412,1938.70818382353,2675.6034,1058.30049381844,3.31671906477021,1.44382697322949,104.495512865329,10.0721712535674,0.219373551078355,136
3,SE-ET-NMPC,25,26051,1,0,76.1194029850746,1907.57255522388,2661.65,1073.52957459922,4.0390357150565,2.2290691093916,102.557958096207,10.9226546398531,0.220803466695928,134
3,SE-ET-NMPC,26,26052,1,0,77.6978417266187,1951.12926618705,2680.9861,1050.3893434316,3.80593933775731,2.17584375000215,109.076719979368,12.898668165575,0.236429134112696,139
3,SE-ET-NMPC,27,26053,1,0,76.1194029850746,1909.0405641791,2700.5101,1074.31655559961,4.95496594530666,3.24983673769628,102.502185445282,10.9224962676596,0.220801487479296,134
3,SE-ET-NMPC,28,26054,1,0,77.2058823529412,1939.44468676471,2751.465,1058.96258624807,4.91579482130686,3.01161605654596,104.268087712291,11.0262273324811,0.223825302011848,136
3,SE-ET-NMPC,29,26055,1,0,76.3358778625954,1909.39707328244,2634.7972,1068.04469365799,4.48270297831964,2.54780562404804,99.2612442279213,10.9272134197666,0.217001502402482,131
3,SE-ET-NMPC,30,26056,1,0,76.1194029850746,1904.19562462687,2662.1025,1071.51653819128,5.87382939723057,3.89742493826954,102.369947077346,10.7662080213105,0.220068459469523,134
3,SE-ET-NMPC,31,26057,1,0,76.865671641791,1925.55237089552,2761.279,1061.49871883662,5.38104563052155,3.68174913671963,102.924652931451,10.9278306637945,0.220835794896171,134
3,SE-ET-NMPC,32,26058,1,0,76.6917293233083,1920.35713834586,2652.5553,1063.56957307575,5.72272013349598,4.09105021394876,101.08300514984,10.5926442040604,0.217979069785155,133
3,SE-ET-NMPC,33,26059,1,0,76.8115942028985,1925.1783173913,2629.8814,1062.51659551308,4.65092877011027,3.02037822773839,108.462784444504,12.9199348474602,0.235264836886188,138
3,SE-ET-NMPC,34,26060,1,0,76.5151515151515,1918.0192780303,2677.0374,1067.65909651942,5.20165555504183,3.43696111160657,99.9250400340893,10.9957949904391,0.21858662732911,132
3,SE-ET-NMPC,35,26061,1,0,75.9398496240601,1910.46321278196,2735.0685,1080.39900672831,3.9644261719953,2.0304275336423,102.2418092388,11.3085940848732,0.221349329716071,133
3,SE-ET-NMPC,36,26062,1,0,76.2962962962963,1909.55858814815,2640.623,1069.18683259486,3.69565562142915,1.99782990737337,105.100928729678,12.0226120815418,0.227248349774909,135
3,SE-ET-NMPC,37,26063,1,0,76.2962962962963,1920.08144444444,3190.9937,1077.31477972849,4.46308353172243,2.64353223723947,103.408874814172,10.6296154330304,0.220703464233027,135
3,SE-ET-NMPC,38,26064,1,0,76.1194029850746,1907.69067985075,2670.6734,1073.5022778512,5.37404079804822,3.70726425240361,102.060753278721,10.9692891755441,0.221010267602426,134
3,SE-ET-NMPC,39,26065,1,0,76.2962962962963,1911.42110814815,2669.8857,1070.29636478701,4.98369802422447,3.08725278953993,103.422717491975,10.8888413473417,0.221914727190657,135
3,SE-ET-NMPC,40,26066,1,0,76.2962962962963,1913.81421111111,2702.7375,1071.79096418556,4.08285465476979,2.13655672848353,103.370114150605,11.7538892580196,0.225954567753111,135
3,SE-ET-NMPC,41,26067,1,0,75.9398496240601,1903.9534593985,2661.2918,1076.5757600631,3.95710939310023,2.37224348107237,101.970396678361,11.7662420892082,0.223481168288947,133
3,SE-ET-NMPC,42,26068,1,0,76.3358778625954,1910.08132671756,2630.473,1068.4062365141,4.55111351652696,2.35177351523206,101.275634840889,10.9622486377634,0.217209931156683,131
3,SE-ET-NMPC,43,26069,1,0,76.3358778625954,1916.60093816794,2700.1295,1072.20424613301,2.86564623178463,1.26736573738898,99.9100522857245,9.13094314593098,0.208624772080119,131
3,SE-ET-NMPC,44,26070,1,0,76.8115942028985,1925.69243550725,2703.4203,1062.97770637737,5.01821668255948,3.13878635749447,108.389933930037,13.0325411680454,0.235789250369171,138
3,SE-ET-NMPC,45,26071,1,0,76.2962962962963,1910.18111481481,2674.2539,1069.6772915266,4.05109481268876,2.10722916023923,103.271550343923,11.4749954204567,0.224649544805109,135
3,SE-ET-NMPC,46,26072,1,0,75.7575757575758,1903.31579166667,2947.8143,1082.57214302678,5.05470568951216,3.15121664181521,102.037198038651,10.9920339470213,0.218615994727976,132
3,SE-ET-NMPC,47,26073,1,0,77.3049645390071,1938.72081489362,2676.3867,1055.07110596866,4.23037654097383,2.36772226329543,110.804212675355,12.7210265066717,0.238137682518397,141
3,SE-ET-NMPC,48,26074,1,0,75.5725190839695,1889.79599083969,2674.8905,1079.35064589563,4.88183147539988,3.14625014798168,100.874326477444,10.8458064407378,0.216657061786945,131
3,SE-ET-NMPC,49,26075,1,0,77.2058823529412,1935.36540147059,2727.9759,1056.50566432662,4.54322058121717,2.59461629475679,105.706222230347,12.0653177987435,0.22871129744909,136
3,SE-ET-NMPC,50,26076,1,0,77.037037037037,1927.02793185185,2660.6299,1057.04012994857,5.44761703644548,3.50828266981915,103.374021956429,11.2360577710373,0.223535641789766,135
3,SE-ET-NMPC,51,26077,1,0,76.4705882352941,1915.13346397059,2708.9871,1067.22896951034,4.29052508756823,2.68369245520904,105.373442240896,12.7023889586982,0.231679934756859,136
3,SE-ET-NMPC,52,26078,1,0,76.1194029850746,1908.08835223881,2685.0838,1073.70511458678,5.17543886422056,3.20479088241184,102.982205131956,11.1149721320667,0.221711291835746,134
3,SE-ET-NMPC,53,26079,1,0,75.9398496240601,1901.18049473684,2639.3919,1074.97399554161,4.69095992944831,2.84114635368486,101.236038212853,11.0610749885175,0.220170711470138,133
3,SE-ET-NMPC,54,26080,1,0,75.9398496240601,1900.88770676692,2631.9433,1074.97257590967,5.78763890975084,3.82876657530873,101.139992768872,10.7523397323181,0.218726342430121,133
3,SE-ET-NMPC,55,26081,1,0,77.037037037037,1926.65530740741,2644.7299,1056.59070129365,5.46606218286422,3.54662976161933,103.539200803509,10.7822824672136,0.221419533511522,135
3,SE-ET-NMPC,56,26082,1,0,76.865671641791,1987.1944880597,3986.6766,1130.4312343797,4.67372605284477,2.92399072875702,102.341027084324,11.2951278920688,0.222538628199268,134
3,SE-ET-NMPC,57,26083,1,0,76.1194029850746,1899.82794925373,2637.2867,1068.89484819814,5.87537747268869,3.87874162431148,102.381226017603,10.5267556580522,0.218950125501419,134
3,SE-ET-NMPC,58,26084,1,0,76.1194029850746,1903.15845746269,2657.4288,1070.93048746966,5.27465376782675,3.50018829570807,102.333318681096,10.9147910570519,0.220761740543554,134
3,SE-ET-NMPC,59,26085,1,0,76.6917293233083,1920.02881879699,2665.3354,1063.35811717051,4.14169241891766,2.47477990460073,101.381940798119,11.2435738785901,0.22102648427915,133
3,SE-ET-NMPC,60,26086,1,0,68.7116564417178,1719.92261656442,2626.9944,1164.82858717594,3.37972536405581,1.37830979439349,120.2290260012,13.957375849372,0.271622640458284,163
3,SE-ET-NMPC,61,26087,1,0,76.8115942028985,1919.84799710145,2831.7567,1059.99584589883,4.60140213252268,2.63937094291919,107.049537190541,12.6876808129858,0.234148473259182,138
3,SE-ET-NMPC,62,26088,1,0,76.1194029850746,1905.01123731343,2648.6934,1071.94613728791,5.2717862504508,3.3405678709359,102.51043919425,11.0025455328939,0.221175615320677,134
3,SE-ET-NMPC,63,26089,1,0,76.1194029850746,1906.80865,2673.3327,1072.89739640941,5.47294350802286,3.57736995003265,102.310751776853,10.9506880682118,0.220928929380354,134
3,SE-ET-NMPC,64,26090,1,0,75.3731343283582,1875.98199477612,2616.7971,1077.23657161809,5.88684576095134,4.14183176004973,102.015051478226,10.7201901980521,0.21984560392629,134
3,SE-ET-NMPC,65,26091,1,0,77.6978417266187,1945.84845683453,2687.6642,1047.43108039048,4.97790123646298,3.08551891921969,108.00349303161,12.5650190735652,0.234846666723722,139
3,SE-ET-NMPC,66,26092,1,0,75.7575757575758,1889.87645984848,2654.0598,1074.02528265985,3.64487489516457,2.01780240811497,103.218028120748,11.2883514297977,0.220026461351723,132
3,SE-ET-NMPC,67,26093,1,0,75.7575757575758,1896.3588530303,2702.0507,1077.96422571987,5.10360104330741,3.29637922750271,100.795024407948,10.4616345195113,0.216110667829576,132
3,SE-ET-NMPC,68,26094,1,0,77.1428571428572,1927.30141214286,2623.0938,1053.49146578707,4.32233948862187,2.31957276493139,109.097465087203,12.7205807700246,0.236847672567307,140
3,SE-ET-NMPC,69,26095,1,0,75.9398496240601,1894.66443458647,2634.8265,1071.42746420033,5.25762729696293,3.42006530400244,100.982490949156,10.8362183746391,0.219114675475954,133
3,SE-ET-NMPC,70,26096,1,0,76.1194029850746,1895.79469552239,2642.4175,1066.57206789524,5.04680421740168,3.42069543680048,102.597661096074,10.9553616731858,0.220957137554811,134
3,SE-ET-NMPC,71,26097,1,0,77.037037037037,1928.32233111111,2668.5382,1057.75382897094,4.97570070906557,3.11692751351359,103.366400442253,11.5797477224781,0.225140995481658,135
3,SE-ET-NMPC,72,26098,0,1,70.7547169811321,1825.10424245283,3063.848,1182.28505094616,1.46556040140797,-0.146366943632997,79.002528082973,8.52500529156661,0.174079565025781,106
3,SE-ET-NMPC,73,26099,1,0,77.3722627737226,1951.65572189781,2716.4546,1060.8754256127,4.71080440420769,2.89705647393481,107.757663923265,12.84793690768,0.233662834308298,137
3,SE-ET-NMPC,74,26100,1,0,76.2962962962963,1922.17960962963,2691.9834,1076.61632600319,4.49399466059909,2.6470717918247,103.375359999887,11.7830663190668,0.226090982884146,135
3,SE-ET-NMPC,75,26101,1,0,75.9398496240601,1922.59333233083,3134.7491,1090.17132258029,4.64955370905345,2.64684551241027,101.904023849038,10.1431071608031,0.215897334457349,133
3,SE-ET-NMPC,76,26102,1,0,76.6917293233083,1932.39538796992,2686.1662,1070.49653545875,5.11183430545702,3.50121239986887,101.486654099624,10.8188516989378,0.219044751916458,133
3,SE-ET-NMPC,77,26103,1,0,75.7575757575758,1905.69498030303,3504.2167,1086.56126600635,5.51338464232882,3.67173276917384,99.4607169174786,10.6983427523869,0.217186782154158,132
3,SE-ET-NMPC,78,26104,1,0,76.2962962962963,1910.12116888889,2694.6541,1069.70190392199,4.73761033327946,3.07423480298969,103.244703459019,11.4518866457014,0.224540997217025,135
3,SE-ET-NMPC,79,26105,1,0,76.6917293233083,1919.62298045113,2646.5605,1063.16914600208,2.5314954752325,0.768295383561083,101.294924943702,8.97508764926862,0.210427479207951,133
3,SE-ET-NMPC,80,26106,1,0,76.6917293233083,1920.73052556391,2677.8765,1063.95791919116,4.02977434927464,2.0147593720761,101.646811308102,11.355506951656,0.221555257646091,133
3,SE-ET-NMPC,81,26107,1,0,76.3358778625954,1904.67449618321,2648.5702,1065.3031927486,5.14174834635287,3.20965732631405,100.726346360217,10.7678170406856,0.216289451428223,131
3,SE-ET-NMPC,82,26108,1,0,77.2058823529412,1923.19564705882,2642.6404,1049.60013297192,4.08487660093139,2.15108478412866,107.255067474452,12.56538696701,0.231081753632623,136
3,SE-ET-NMPC,83,26109,1,0,76.865671641791,1918.8733858209,2780.3272,1057.65912194683,5.16715352025597,3.2183904557574,102.246954234394,11.3516034428383,0.222800359192944,134
3,SE-ET-NMPC,84,26110,1,0,76.5151515151515,1906.13500075758,2597.4056,1060.68204001642,4.98356728057978,3.0138691148783,100.834203050443,11.0165577145663,0.218703822534404,132
3,SE-ET-NMPC,85,26111,1,0,77.6119402985075,1937.45609626866,2664.9177,1045.36642351023,3.56580431641581,1.63552512103432,104.329912226377,12.1132987054241,0.226404852160686,134
3,SE-ET-NMPC,86,26112,1,0,76.865671641791,1923.71400597015,2669.7516,1060.35906952725,4.72414592059554,2.73013412538636,102.466648772461,10.9807191411213,0.221072681770055,134
3,SE-ET-NMPC,87,26113,1,0,76.4285714285714,1912.59314285714,2700.8341,1067.09266861008,4.95045251227655,3.00851384329242,109.000141817967,12.5626659542832,0.236107822045884,140
3,SE-ET-NMPC,88,26114,1,0,77.3722627737226,1935.87338978102,2649.2745,1051.58011397723,2.51429120403506,0.853764237167992,106.344796334454,10.6355481256763,0.223296421083409,137
3,SE-ET-NMPC,89,26115,1,0,76.6917293233083,1919.26009172932,2730.2018,1063.1302002544,4.25017717072388,2.50106167214497,101.647231388001,10.119216082128,0.21578002249069,133
3,SE-ET-NMPC,90,26116,1,0,76.1194029850746,1904.50876716418,2665.9904,1071.72118268813,5.13762706891463,3.21645744254002,102.492341040217,11.0959658813371,0.221611619624346,134
3,SE-ET-NMPC,91,26117,1,0,76.865671641791,1924.08260746269,2658.1635,1060.62063239934,5.52515187805312,3.68553622267403,102.395250943987,10.9070998326438,0.220727187810614,134
3,SE-ET-NMPC,92,26118,1,0,76.1194029850746,1906.30450373134,2795.7444,1072.83645652992,3.75945552630023,1.99864906972579,102.57745924043,11.4576235610564,0.223302969158024,134
3,SE-ET-NMPC,93,26119,1,0,76.1194029850746,1905.40017686567,2660.5275,1072.35402886013,6.47038988133089,4.88284404763756,102.223143612751,10.520994082663,0.218919697771199,134
3,SE-ET-NMPC,94,26120,1,0,77.6978417266187,1946.62744028777,2732.8937,1047.85044414841,3.64225498418047,1.95889306490669,109.081561939392,12.8009936921888,0.235972962386132,139
3,SE-ET-NMPC,95,26121,1,0,78.2608695652174,1959.40861594203,2669.4324,1037.61740149858,3.14250699904788,1.16183543052979,108.334499921292,10.7421217183764,0.225088487644571,138
3,SE-ET-NMPC,96,26122,1,0,76.2962962962963,1909.30583185185,2737.4669,1069.23759138324,4.06746451590841,2.26533189572791,103.488723091601,11.6890373345064,0.225654252378944,135
3,SE-ET-NMPC,97,26123,1,0,76.1194029850746,1905.81815746269,2677.2946,1072.5451432084,5.08248369082792,3.4154503652359,102.513749480033,11.0368956104346,0.221336152816237,134
3,SE-ET-NMPC,98,26124,1,0,77.037037037037,1928.84054222222,2718.7211,1058.01603639123,4.6065681361029,2.74306177777903,103.318243328225,11.2525331718697,0.22361136592287,135
3,SE-ET-NMPC,99,26125,1,0,77.6978417266187,1943.80837985612,2674.9023,1046.03885005112,3.53916733190063,1.66510104114633,108.2383135253,13.2451311667868,0.238028980020965,139
3,SE-ET-NMPC,100,26126,1,0,77.1428571428572,1928.66736642857,2637.9987,1054.34763906083,4.26029284450435,2.44932504759466,109.084010944913,12.7181829479585,0.236836172331858,140
5,Proposed ET-NMPC,1,33027,1,0,80,2110.34981111111,2815.7031,1060.10490763002,3.91939198087295,2.25378656376426,108.507965164595,12.6498335576069,0.230254082019589,135
5,Proposed ET-NMPC,2,33028,1,0,78.7878787878788,2079.88208333333,2815.0946,1084.13205695675,3.38281187498217,1.55464583206468,107.798175535833,11.356877675121,0.220448357865687,132
5,Proposed ET-NMPC,3,33029,1,0,77.2727272727273,2040.18772651515,2777.2885,1111.50503926683,4.49089287936185,2.76475529514965,103.137482640325,10.7148071765524,0.217345400440569,132
5,Proposed ET-NMPC,4,33030,1,0,78.7878787878788,2081.78374469697,2852.9177,1085.27299020489,4.46158194470535,2.52957695318244,104.235386969361,11.1610620112312,0.219454445899404,132
5,Proposed ET-NMPC,5,33031,1,0,75.9398496240601,2005.49523533835,2844.576,1133.95469900647,4.92668001540911,2.95221796957906,104.13308133934,11.1700747428086,0.220744274772756,133
5,Proposed ET-NMPC,6,33032,1,0,76.3358778625954,2025.46752748092,3202.2011,1134.21581097321,3.5985901906605,1.69835638023104,102.886032334329,10.9642916766546,0.217255261677897,131
5,Proposed ET-NMPC,7,33033,1,0,77.0992366412214,2038.6125259542,2819.5114,1116.18284402051,3.07957794987702,1.06376579948307,104.17386799415,9.51098432533938,0.210494858764114,131
5,Proposed ET-NMPC,8,33034,1,0,78.2608695652174,2071.52156376812,2780.9426,1096.6275347632,4.41640892698934,2.64828926179749,109.789943542409,12.6013735295596,0.233806192868393,138
5,Proposed ET-NMPC,9,33035,1,0,78.7878787878788,2079.31874621212,2774.1799,1083.90741793885,4.11101834656353,2.22311057686047,106.078234522232,11.2508795879932,0.219914974461548,132
5,Proposed ET-NMPC,10,33036,1,0,78.7878787878788,2074.96158409091,2799.9329,1081.49497097493,4.43363328265696,2.58348924825704,105.370022911977,10.8919992167195,0.218222752405672,132
5,Proposed ET-NMPC,11,33037,1,0,76.7605633802817,2029.0379415493,2812.9446,1121.39104898006,3.33051334264518,1.52771955506073,108.500441106881,13.242279731042,0.241771484799925,142
5,Proposed ET-NMPC,12,33038,1,0,81.25,2147.55854583333,2802.3537,1036.23653518963,3.05449074846184,1.20691517106172,116.091515394303,12.820330695455,0.242469070559118,144
5,Proposed ET-NMPC,13,33039,0,1,65.4761904761905,1749.21748095238,2794.1559,1278.56288199815,3.03368504517864,0.733685045178636,63.6833194971085,9.74574075066093,0.151941716670087,84
5,Proposed ET-NMPC,14,33040,0,1,61.7283950617284,1655.11959753086,2870.4329,1312.3379620176,2.64523121667669,0.838376232859285,59.2333194971085,4.134878694143,0.121882086460035,81
5,Proposed ET-NMPC,15,33041,1,0,76.4705882352941,2018.64041323529,2777.1008,1124.61958646112,3.52606059818298,1.77656780392689,107.603021666074,12.716885696865,0.231797201443173,136
5,Proposed ET-NMPC,16,33042,1,0,76.865671641791,2029.51602835821,2781.9098,1118.47479137183,3.41963870702969,1.47773736805695,105.345863840738,9.62046496493294,0.214782334104076,134
5,Proposed ET-NMPC,17,33043,1,0,78.0821917808219,2064.29247876712,2817.0378,1098.41799742345,3.11693178612852,1.34712164864025,113.4449334076,12.7908275674667,0.244772435871049,146
5,Proposed ET-NMPC,18,33044,1,0,78.1021897810219,2069.16098759124,3548.3147,1103.30154015946,3.2566629184723,1.51939153291011,110.447231993604,12.7079163362424,0.233068506389638,137
5,Proposed ET-NMPC,19,33045,1,0,76.5151515151515,2024.29562272727,2817.9657,1126.70413204251,4.88703925234803,3.3097738700343,101.219016929636,10.8051573591795,0.217724832293778,132
5,Proposed ET-NMPC,20,33046,1,0,78.030303030303,2063.38368863636,2887.9406,1100.02969833505,4.49099607055841,2.84710593519688,104.146971492325,10.7196884741354,0.217390636159163,132
5,Proposed ET-NMPC,21,33047,1,0,78.5185185185185,2075.32927851852,2849.3465,1090.71931934326,3.65857373432777,1.82254029609599,108.637661509172,11.8183102130435,0.226372562250977,135
5,Proposed ET-NMPC,22,33048,1,0,76.8115942028985,2031.37672318841,2784.7238,1120.98876996251,4.79384539201905,2.90931858406274,107.50899822543,12.560660908809,0.23356531909489,138
5,Proposed ET-NMPC,23,33049,1,0,77.9411764705882,2059.330975,2781.3613,1100.44207358941,3.5402463857621,1.83209801553324,109.339344141984,12.7017511083339,0.231765086237801,136
5,Proposed ET-NMPC,24,33050,1,0,77.6119402985075,2055.70468880597,2835.0385,1109.63246675973,4.08185845858047,2.26081812155323,106.328991524442,11.1978313328345,0.222172735704562,134
5,Proposed ET-NMPC,25,33051,1,0,76.6423357664234,2082.5352189781,4251.2858,1190.58766369906,4.66040097512092,2.75412579859559,106.993061606608,12.6822641227082,0.23287191456448,137
5,Proposed ET-NMPC,26,33052,1,0,78.3582089552239,2067.26759552239,2792.723,1091.22875929211,4.69487198646818,2.99484195408407,105.811556124724,11.1393736290238,0.221888156152323,134
5,Proposed ET-NMPC,27,33053,1,0,79.4326241134752,2104.39692978723,2853.3203,1075.81134945957,3.35650105562224,1.6443305983449,111.300862952508,12.5879524231673,0.237527073115423,141
5,Proposed ET-NMPC,28,33054,1,0,78.4172661870504,2084.2178294964,2833.9067,1098.51636767952,3.11701689895425,1.3228074157099,109.190803867808,12.3006947265803,0.233638279102342,139
5,Proposed ET-NMPC,29,33055,1,0,76.6917293233083,2024.15058045113,2787.0708,1120.90664828227,5.32004038900924,3.48719671909513,104.013080627639,11.0276338711323,0.220076205732586,133
5,Proposed ET-NMPC,30,33056,0,1,60,1591.70967714286,2782.7759,1309.57943640729,1.8601732346777,0.0504159326193028,51.9583194971085,3.63104944767513,0.105616817456297,70
5,Proposed ET-NMPC,31,33057,1,0,81.0975609756098,2142.13546768293,2868.5016,1038.46717478772,3.30070492880557,1.36645632378422,129.961655982269,14.819743174841,0.277117408487792,164
5,Proposed ET-NMPC,32,33058,1,0,79.5620437956204,2103.9732080292,2815.9334,1071.26605906138,4.830592527686,3.15878935700481,111.292136745193,12.938737331519,0.234165545843005,137
5,Proposed ET-NMPC,33,33059,1,0,78.6259541984733,2078.64538549618,2811.4352,1088.93800608237,4.09771034184991,2.3195535728069,104.287361276759,11.1211805508506,0.218019297490521,131
5,Proposed ET-NMPC,34,33060,1,0,77.4647887323944,2058.07691267606,3332.0449,1116.63983043378,3.9065128334758,1.97328788115129,110.530375667205,12.9127902954385,0.24027740809336,142
5,Proposed ET-NMPC,35,33061,1,0,79.5454545454545,2103.06291060606,2824.1387,1071.56606646567,3.14922501801533,1.45000238211031,106.973701114323,10.6146651728933,0.216962843522898,132
5,Proposed ET-NMPC,36,33062,1,0,75.9398496240601,2008.45427894737,2800.8701,1135.77381311726,3.06363751614528,1.41561395170189,104.582459509876,11.0047216108156,0.219981825609157,133
5,Proposed ET-NMPC,37,33063,1,0,78.5714285714286,2079.82073285714,2842.9626,1091.10386715696,3.2588730852499,1.64317492218456,112.535222156884,13.9351419354647,0.24259780289884,140
5,Proposed ET-NMPC,38,33064,1,0,78.030303030303,2059.90783257576,2773.2973,1097.98975318381,3.8587008861064,1.89184453726695,106.278829514405,11.0297137176005,0.218886271562063,132
5,Proposed ET-NMPC,39,33065,1,0,77.6119402985075,2048.70626940299,2808.6941,1105.26255862787,4.52321662477285,2.72297195001097,106.693578092825,11.8044587408004,0.225014654234087,134
5,Proposed ET-NMPC,40,33066,1,0,79.0540540540541,2092.36994324324,2836.4576,1081.84465537018,3.5628245398091,1.88290740229593,117.688701855541,13.0827710123203,0.248730534786089,148
5,Proposed ET-NMPC,41,33067,1,0,77.6119402985075,2050.74718358209,2825.4923,1106.34847236072,4.63309696217175,2.81975851069817,104.18886033083,10.8228313685465,0.220373391686134,134
5,Proposed ET-NMPC,42,33068,0,1,60.5633802816901,1610.38185492958,2778.6638,1309.11365070947,2.54506087927653,0.786084858737191,52.8583194971085,6.70797360593014,0.121260448881289,71
5,Proposed ET-NMPC,43,33069,1,0,79.020979020979,2094.17903356643,2800.8795,1083.93582985885,3.85692125117294,1.93849378778602,113.905875282291,12.8165566733937,0.241152870704364,143
5,Proposed ET-NMPC,44,33070,1,0,77.7777777777778,2056.7082237037,2868.5119,1104.41166839063,4.96520213013825,3.1287171787156,106.073148273211,12.778541858686,0.2308012266126,135
5,Proposed ET-NMPC,45,33071,1,0,76.6917293233083,2025.5915112782,2801.9063,1121.83137739051,3.66931983956416,1.83062077510429,105.433629341467,10.826090060873,0.219166275968143,133
5,Proposed ET-NMPC,46,33072,1,0,78.3783783783784,2078.71547027027,2806.0701,1096.61983348341,3.16963179079387,1.54195787321108,115.455379645192,13.6434592832856,0.251300120612289,148
5,Proposed ET-NMPC,47,33073,1,0,80,2127.96856965517,2817.8669,1068.85186547442,2.98088954703839,1.28184745348762,114.622056048578,12.2886895615777,0.24120289232445,145
5,Proposed ET-NMPC,48,33074,1,0,80.625,2128.14366125,2797.9914,1047.49705606092,3.72589975089367,2.01414041094075,128.031138454993,14.7821867191659,0.271899065798214,160
5,Proposed ET-NMPC,49,33075,1,0,78.3582089552239,2066.2524,2808.5862,1090.79449653186,4.39356786686297,2.46417733172637,104.959007014158,10.3324279949976,0.218099621726153,134
5,Proposed ET-NMPC,50,33076,1,0,78.5185185185185,2074.64952518519,2797.4412,1090.08583358833,4.36749947704902,2.47352010509848,108.245156606607,12.6118652586332,0.230070875632778,135
5,Proposed ET-NMPC,51,33077,1,0,76.6917293233083,2028.89642180451,2808.6975,1123.5468261485,4.0509324229174,2.2546362824656,105.597497159573,10.1914236512401,0.216205118675926,133
5,Proposed ET-NMPC,52,33078,1,0,76.6917293233083,2030.23776842105,2818.7219,1124.316889739,3.66804595447038,1.65990285353225,105.721870807906,11.6375408247832,0.222963315616901,133
5,Proposed ET-NMPC,53,33079,1,0,79.7101449275362,2165.50116376812,3125.164,1100.13835405282,4.09628595997465,2.19460318258884,113.018149498862,13.1807430708069,0.236584414206934,138
5,Proposed ET-NMPC,54,33080,1,0,76.3358778625954,2032.57889465649,2972.9589,1137.30970962032,3.75812225444119,2.11984660498802,100.907536449373,11.3863852540624,0.219183075099995,131
5,Proposed ET-NMPC,55,33081,1,0,79.7101449275362,2123.53470797101,2839.373,1076.5782331501,2.68563513099788,0.970556568674224,112.702780977987,12.5947559110482,0.233840008856995,138
5,Proposed ET-NMPC,56,33082,1,0,78.6764705882353,2091.66685367647,2862.6612,1094.32591683364,4.13576032079678,1.83576032079678,109.962436777169,12.711616362453,0.231825017570761,136
5,Proposed ET-NMPC,57,33083,1,0,78.030303030303,2070.95108863636,2817.1751,1104.01796941988,4.3557080829197,2.43211711110189,105.832325725301,10.7391892625833,0.217519185015773,132
5,Proposed ET-NMPC,58,33084,1,0,77.6119402985075,2056.32229776119,2807.57,1109.45321195591,4.28868360523943,2.64140933969946,103.78169567507,10.9997150610969,0.221190643117872,134
5,Proposed ET-NMPC,59,33085,1,0,79.7202797202797,2113.35384405594,2820.3321,1070.72318319165,3.33429487262044,1.55718053803325,112.603333999074,12.2701449135172,0.238571401835664,143
5,Proposed ET-NMPC,60,33086,1,0,76.6917293233083,2026.23358796993,2846.8892,1122.29659079349,4.40927916571948,2.66315490188269,102.128295338805,11.2279103215245,0.220969898747603,133
5,Proposed ET-NMPC,61,33087,1,0,75,1981.42634545455,2798.8319,1149.19603123679,4.49849620397501,2.59213216404832,101.094786753502,10.7037563689881,0.217248384140446,132
5,Proposed ET-NMPC,62,33088,1,0,77.7777777777778,2068.47955851852,3026.1952,1111.75304497343,3.47938060134092,1.64487373510927,107.040951226655,11.563563600414,0.225147049195542,135
5,Proposed ET-NMPC,63,33089,1,0,79.1044776119403,2084.00391791045,2855.3812,1076.16787058801,3.84998589818478,2.1206824309458,107.403393572829,12.6948355361865,0.229189759512725,134
5,Proposed ET-NMPC,64,33090,1,0,77.9411764705882,2058.70734632353,2776.9114,1100.03156743369,4.83522874923712,2.98289136645973,105.741913944165,12.6027527890346,0.231222679767218,136
5,Proposed ET-NMPC,65,33091,1,0,80.1418439716312,2119.0248929078,2803.5116,1059.64254307646,4.34144183330352,2.54174173715754,112.675815537843,12.7064869813525,0.238111353339127,141
5,Proposed ET-NMPC,66,33092,1,0,80.1470588235294,2118.72806985294,2807.1779,1059.3831851675,4.29790889681299,2.60082806867133,110.469045394654,12.5724490806723,0.23118616552372,136
5,Proposed ET-NMPC,67,33093,1,0,78.5185185185185,2071.84974074074,2753.5948,1088.4450823014,3.4503392181736,1.51291570052572,107.085461589825,11.5091768333282,0.224893974417052,135
5,Proposed ET-NMPC,68,33094,1,0,78.0141843971631,2095.28648085106,3520.9154,1121.54920800308,3.45695822411876,1.75293598006222,110.392119247153,12.659537191533,0.237841281943082,141
5,Proposed ET-NMPC,69,33095,1,0,76.9784172661871,2040.9071,2786.7136,1120.98739775182,3.5071890639211,1.52385898909067,109.767352127776,12.7309840569539,0.235661157157784,139
5,Proposed ET-NMPC,70,33096,1,0,79.5454545454545,2105.82393560606,2794.8723,1072.85339221575,4.09490355640205,2.47389717497066,105.694040329273,11.5661394089008,0.221379150547627,132
5,Proposed ET-NMPC,71,33097,1,0,77.0992366412214,2041.31008167939,2846.6534,1117.81204015017,4.42420760941803,2.49805685857821,100.43501118205,10.944020058807,0.217106097126377,131
5,Proposed ET-NMPC,72,33098,1,0,76.9784172661871,2042.14429568345,2831.4916,1121.89192758894,3.2937047756718,1.50194443468136,107.926919165654,12.205111245503,0.233163681371166,139
5,Proposed ET-NMPC,73,33099,1,0,77.7777777777778,2063.63021111111,3101.2313,1108.73857641158,3.52213399667577,1.75922307761999,109.064901675459,13.4694151006795,0.245345075023423,144
5,Proposed ET-NMPC,74,33100,1,0,77.6119402985075,2051.53392089552,2786.5605,1106.80539809028,2.83262472143228,1.19994055195305,107.723861219009,9.89801377998334,0.216131727954853,134
5,Proposed ET-NMPC,75,33101,1,0,77.4436090225564,2047.97014135338,2852.0275,1110.63015663366,4.5079920341863,2.51194912552696,105.697331557018,12.3685342275409,0.226377553767383,133
5,Proposed ET-NMPC,76,33102,1,0,80.9859154929577,2145.06426830986,2819.0174,1044.06878602505,3.6361105055561,1.80452472263672,116.03963774562,12.6832253927928,0.23932744009433,142
5,Proposed ET-NMPC,77,33103,1,0,79.7297297297297,2113.39030945946,2962.5367,1070.73761088826,4.02848122926989,2.32492360034239,119.542041397606,13.0238283974114,0.248496373893886,148
5,Proposed ET-NMPC,78,33104,1,0,78.030303030303,2061.27183181818,2811.9029,1098.81021490032,4.1690692441599,2.25426033623163,101.675156886187,10.5086695741139,0.216349947227022,132
5,Proposed ET-NMPC,79,33105,1,0,77.7777777777778,2057.67759925926,2785.5383,1104.88130978066,3.32574858142778,1.3114111351911,106.806138237291,11.5404747572114,0.225033973247294,135
5,Proposed ET-NMPC,80,33106,1,0,82.6086956521739,2198.74055900621,2951.5763,1013.61956870959,3.74824686045912,1.87844841304664,132.761634095642,12.9706835476447,0.264791880250885,161
5,Proposed ET-NMPC,81,33107,1,0,80,2112.86022153846,2806.4745,1061.61521073386,3.07028428250177,1.33656080359928,106.387658031391,9.77322297068228,0.210519083198663,130
5,Proposed ET-NMPC,82,33108,1,0,80.2816901408451,2133.34008169014,2980.9168,1063.02950831448,3.02353908515498,1.26641414707583,115.516790283664,13.2398802446385,0.241916194641178,142
5,Proposed ET-NMPC,83,33109,1,0,79.4117647058823,2105.23988676471,2844.9926,1076.96511047521,4.13155027743271,2.43137646772943,109.510176772427,12.6262276982975,0.231416080303021,136
5,Proposed ET-NMPC,84,33110,1,0,78.030303030303,2067.59424393939,2798.6496,1102.22286517958,2.93928491735974,1.2439214108786,104.619944837047,9.89263558555886,0.213537628184156,132
5,Proposed ET-NMPC,85,33111,1,0,77.9411764705882,2065.43325441176,2876.9235,1104.0524008178,3.26096077970024,1.68552272112094,109.05684102782,12.6973132695838,0.231738077344087,136
5,Proposed ET-NMPC,86,33112,1,0,79.136690647482,2098.48899784173,2814.0309,1082.36559047708,3.94161242960255,2.03918737114848,109.052287316041,12.3433974383474,0.233834683624573,139
5,Proposed ET-NMPC,87,33113,1,0,78.3582089552239,2074.05098208955,2821.5322,1095.17004277052,4.26710010053288,2.59116289781811,105.210116773223,11.0911737066443,0.221649628338856,134
5,Proposed ET-NMPC,88,33114,1,0,81.0457516339869,2160.34720588235,3351.547,1051.3522529861,3.0492549348932,1.40889643003856,122.744812179638,13.0038019802392,0.25472399460057,153
5,Proposed ET-NMPC,89,33115,1,0,78.9473684210526,2093.3483406015,2815.5781,1085.99434504621,3.70879601071361,1.77775622320084,105.331560677488,11.3224185338265,0.221482570784978,133
5,Proposed ET-NMPC,90,33116,1,0,79.1044776119403,2093.27210895522,2790.6931,1080.84674594205,2.85573189171934,1.27452598016729,108.548717367035,10.6653314599538,0.219734527825051,134
5,Proposed ET-NMPC,91,33117,1,0,79.3893129770992,2094.3330221374,2779.239,1072.11161659098,4.23131409962703,2.24473246447013,105.263520426293,11.3734825109329,0.219219600501022,131
5,Proposed ET-NMPC,92,33118,1,0,78.3582089552239,2072.33029925373,2795.4526,1094.09266843536,4.71755664131725,2.98081196764132,106.901291166465,12.5422803765147,0.228465951149863,134
5,Proposed ET-NMPC,93,33119,1,0,80.6896551724138,2139.11018827586,2832.2188,1051.12449151994,2.55015540859115,0.835696097067682,117.283166066166,12.3846598982525,0.241710346675371,145
5,Proposed ET-NMPC,94,33120,1,0,78.1954887218045,2071.0968075188,2858.5008,1099.02114558335,4.43306862588615,2.59720540807757,105.915249003549,11.0977113311458,0.22044583798986,133
5,Proposed ET-NMPC,95,33121,1,0,78.2894736842105,2086.05287763158,3047.2186,1103.73255223981,2.85816121400787,0.983854782711242,121.696206690432,12.137180710939,0.249402332898348,152
5,Proposed ET-NMPC,96,33122,1,0,76.6917293233083,2025.79145488722,2812.2177,1122.05007284877,4.60298821527332,2.69094102405769,101.435686194168,10.992569854239,0.219855131250387,133
5,Proposed ET-NMPC,97,33123,1,0,76.4705882352941,2027.33137573529,3188.0751,1131.12711842429,4.91066250566954,3.26411420339772,106.662490452851,12.5937605103092,0.231201130235206,136
5,Proposed ET-NMPC,98,33124,1,0,77.8625954198473,2056.24609923664,2776.7022,1101.54589595353,4.06656836314526,2.1074405911292,104.493058813348,10.8780372462608,0.216888041966877,131
5,Proposed ET-NMPC,99,33125,1,0,78.0141843971631,2065.69055957447,2853.6527,1101.65400500241,3.07696471862574,1.36375767873983,110.224399708433,13.5407476895752,0.241954066740219,141
5,Proposed ET-NMPC,100,33126,1,0,79.8657718120805,2112.49139194631,2908.9539,1065.48431248587,3.61000304313124,1.88914981647526,117.888957814962,13.2466937702995,0.250750738373652,149
5,C-NMPC,1,34027,1,0,100,2636.5098969697,2751.9817,45.0249992602853,4.69189150552983,3.04782673193492,114.039657409911,10.5415425523263,0.216778277674976,132
5,C-NMPC,2,34028,1,0,100,2642.20873969466,3316.5625,78.0952187571957,4.32603029519007,2.33321036256699,115.483787846783,10.7704477144684,0.216629683577041,131
5,C-NMPC,3,34029,1,0,100,2646.90030547945,2835.1363,58.9602837563024,2.77642787388292,0.915705799022926,127.402150897021,11.9304671195817,0.241063483881726,146
5,C-NMPC,4,34030,1,0,100,2639.73559236111,2787.7071,48.4956917779735,3.30581148968495,1.35110974623217,124.951971445701,12.2569305690664,0.240034086134924,144
5,C-NMPC,5,34031,1,0,100,2631.22363246753,2767.0193,45.6060326249782,3.37719879741042,1.50877511637682,132.70271900427,13.4428414202936,0.258246222803149,154
5,C-NMPC,6,34032,1,0,100,2634.89086515151,2790.3081,45.7170801796163,3.97487731500081,2.21518136876415,114.625837415105,11.2383061805053,0.220046185417522,132
5,C-NMPC,7,34033,1,0,100,2637.69178507463,2826.3786,50.4426420208402,3.54887381061183,1.70349956343933,118.109589761863,11.1163834087656,0.222054048616926,134
5,C-NMPC,8,34034,1,0,100,2641.89578731343,2858.8931,57.772613718242,3.03041198336566,1.43571061537919,118.713516599329,11.1286565796218,0.222124802454314,134
5,C-NMPC,9,34035,1,0,100,2662.9668129771,3291.6394,117.905358438213,3.56465737029786,1.83831067617193,115.538496631594,10.6320933908882,0.215984586987661,131
5,C-NMPC,10,34036,1,0,100,2642.77266029412,2826.0682,50.3691522008789,3.92497102351029,2.02521923284054,120.141121772505,12.7730275306506,0.232338088456381,136
5,C-NMPC,11,34037,1,0,100,2639.58497913669,2827.2365,47.6116082762546,4.63747749677701,2.9860159659991,122.457272041927,12.7890979356103,0.236214630211251,139
5,C-NMPC,12,34038,1,0,100,2648.91131278196,3229.5645,75.5935063571174,3.55369881276174,1.7776813182189,117.675152824393,11.7960372197281,0.22396934869397,133
5,C-NMPC,13,34039,1,0,100,2649.31740283688,2848.463,59.4674717510133,3.7386717145856,1.7155964107572,122.176001164238,12.2203138076477,0.236051345320963,141
5,C-NMPC,14,34040,1,0,100,2643.97084202899,2894.2417,50.7994960550465,4.09187099661824,2.10145436449402,121.257260973478,12.585393491541,0.233986372538466,138
5,C-NMPC,15,34041,1,0,100,2646.94449127517,2835.4695,54.9398837931466,3.16522271759294,1.41868976387911,130.172153018916,12.8382755533509,0.249115801739328,149
5,C-NMPC,16,34042,1,0,100,2636.59674846154,2791.7798,48.6623951999727,3.36204323958583,1.52123828439371,113.941282399295,9.30609904459033,0.208504805463206,130
5,C-NMPC,17,34043,1,0,100,2645.82128872181,2839.6287,55.4514204524468,3.65012161316643,1.99207010983186,114.877171297677,11.0216461468081,0.220289658743212,133
5,C-NMPC,18,34044,0,1,98.7951807228916,2633.24910843374,2861.0693,299.938152469766,2.50824811911444,0.577262301939518,73.8,9.27454041628501,0.148715353087503,83
5,C-NMPC,19,34045,1,0,100,2638.26328695652,2778.032,48.2435621414297,4.73359622889625,2.43359622889625,121.367584458026,12.7925611389998,0.234956593038871,138
5,C-NMPC,20,34046,1,0,100,2634.70819552239,2802.6202,47.0392765083164,5.08217376509592,3.34639739748207,116.070213162932,10.9313931604946,0.221144560405741,134
5,C-NMPC,21,34047,1,0,100,2632.81703333333,2794.513,48.15251856645,3.68693072795905,1.88306574128948,115.327450922768,11.60527610481,0.221776050618055,132
5,C-NMPC,22,34048,1,0,100,2631.04509153846,2809.0637,44.51375681655,3.11450743724164,1.3030115862139,112.763437263992,9.35174486379573,0.208691862310868,130
5,C-NMPC,23,34049,1,0,100,2668.71686567164,2868.5102,68.6732672485582,4.89863674753996,3.22812709111772,115.050494722829,11.2210808909827,0.222475155536955,134
5,C-NMPC,24,34050,1,0,100,2631.33356567164,3294.1613,130.567079351182,4.74334364207049,3.03543827330486,116.294626693657,10.69575400212,0.220048775876112,134
5,C-NMPC,25,34051,1,0,100,2768.72266287879,4589.1682,234.329287063453,3.80699562991236,1.99089231600487,116.212867633852,11.1384990037999,0.219615210658821,132
5,C-NMPC,26,34052,1,0,100,2699.80573235294,3178.7837,88.3884958823245,4.29023292604028,2.41376000802039,119.538636627112,12.6530037519433,0.23176401738849,136
5,C-NMPC,27,34053,1,0,100,2689.98696616541,3388.7898,117.443107762289,3.56410710914837,1.57218970539472,117.076195922467,11.786674792077,0.223912302628567,133
5,C-NMPC,28,34054,1,0,100,2645.00073484849,3069.7155,70.6594401187655,3.03914007166384,1.33901627642805,116.537935465047,9.969652104815,0.214162249588859,132
5,C-NMPC,29,34055,1,0,100,2634.38029708029,2863.4681,57.0998725557156,3.98199728619872,2.03456637693087,121.488095371769,12.67213808731,0.233146723374854,137
5,C-NMPC,30,34056,1,0,100,2621.32618731343,2777.5743,45.2490292374487,5.16851673902026,3.44412284660391,115.720696187799,10.7675683693603,0.220371497551836,134
5,C-NMPC,31,34057,1,0,100,2619.95147142857,2826.4979,48.2507993445824,4.17591300551743,2.57441593432125,117.096524009977,12.2993167958186,0.226307524867038,133
5,C-NMPC,32,34058,1,0,100,2623.22953787879,2788.9326,48.4789156076313,3.75701930716273,1.75506942788099,115.538841060485,11.0649555544553,0.219256679320014,132
5,C-NMPC,33,34059,1,0,100,2630.4340528169,2882.0221,57.3421313305523,2.9671132445778,1.36630779170149,122.064412976766,13.2150814951053,0.241945851780587,142
5,C-NMPC,34,34060,1,0,100,2638.58603,2923.9647,57.5815314952054,2.93497576967639,1.31319572606495,123.988001088887,12.5837945508439,0.236539586314886,140
5,C-NMPC,35,34061,1,0,100,2628.09288521127,2781.6355,46.9651001492182,2.66648996151325,0.70681613676498,126.207239397929,14.4456546293147,0.247786449088324,142
5,C-NMPC,36,34062,1,0,100,2635.99148680556,2954.9046,61.0647523785223,3.62628108861758,1.65320184772584,124.939112710988,12.6580424840528,0.241907566045272,144
5,C-NMPC,37,34063,1,0,100,2628.71124848485,2813.8225,47.3483955550855,3.33718019542646,1.52689767591308,116.223555278763,11.28959423068,0.220321278721895,132
5,C-NMPC,38,34064,1,0,100,2630.17052296296,2805.9774,49.3174895188475,3.93255072210273,2.29401879420776,120.272943443419,12.6875671346877,0.230691795691419,135
5,C-NMPC,39,34065,1,0,100,2627.70945214286,2793.3716,48.6912563157623,3.18109880288992,1.24009248184613,124.121115592548,12.6393333207343,0.236801989811455,140
5,C-NMPC,40,34066,1,0,100,2626.70453007519,2780.5096,46.932788444773,3.33068424577793,1.64390265914328,116.647710562327,11.0204992572714,0.220323646447655,133
5,C-NMPC,41,34067,1,0,100,2634.34867260274,2765.8367,50.9465154037157,3.43070578441139,1.6806252957141,125.514657803557,12.9394594475172,0.24573497517983,146
5,C-NMPC,42,34068,1,0,100,2628.13195075758,2803.9561,51.5365725982074,4.07379169195384,2.30811937373448,115.511276038424,11.0199582662078,0.219045865146012,132
5,C-NMPC,43,34069,1,0,100,2627.64396350365,2790.7313,47.9821311896922,3.76474185272858,2.04171690244832,120.355215882564,12.6882816635986,0.233196961838614,137
5,C-NMPC,44,34070,1,0,100,2642.09846711409,3373.2255,102.2994793918,3.40356752509411,1.73394782069721,130.354167920591,13.3876085143851,0.251686016204323,149
5,C-NMPC,45,34071,1,0,100,2613.03175955882,2789.05,47.7623342800089,3.92127549355877,2.26753855609997,119.711851874611,12.6380811987339,0.231698156974791,136
5,C-NMPC,46,34072,1,0,100,2613.44986870229,2829.1824,52.4358777016214,4.86454947141797,3.04065014899968,111.85555387277,10.8347181324796,0.216849290822391,131
5,C-NMPC,47,34073,1,0,100,2610.09776666667,2748.0026,45.4341240482795,3.80901412449581,2.12246239264456,114.837254954497,11.3121662006132,0.220395915393282,132
5,C-NMPC,48,34074,1,0,100,2621.0167673913,2798.9728,47.0284000253708,2.79682180648641,1.19187212665039,121.16034971698,10.9927846330446,0.226544460430298,138
5,C-NMPC,49,34075,1,0,100,2616.92187894737,2788.1296,50.6758089162015,3.72187916725998,1.89232690451694,116.255509925555,11.8900241137993,0.2243768541363,133
5,C-NMPC,50,34076,1,0,100,2616.09020367647,2790.7414,52.5281855254426,3.42728102168657,1.83095969046905,118.251219800713,10.7455298803363,0.222824780182603,136
5,C-NMPC,51,34077,1,0,100,2609.79041428571,2759.4956,50.0201003704149,4.57144950239561,2.87753218224023,113.846431210605,11.0719420958769,0.220501707341451,133
5,C-NMPC,52,34078,1,0,100,2618.91225664336,2834.3082,54.7416091444153,3.11729428149042,1.4539802952486,122.337957439246,13.2821969788104,0.243515455734585,143
5,C-NMPC,53,34079,1,0,100,2615.80345454545,2790.0423,49.4615276979139,3.82733800541656,2.12257026669054,114.369739108129,11.0668649819363,0.219239619030718,132
5,C-NMPC,54,34080,1,0,100,2622.03253731343,3074.2411,66.401741083915,4.18124438409488,2.42740506103668,115.326065312218,10.5225537631942,0.219218159745161,134
5,C-NMPC,55,34081,1,0,100,2622.01636793893,3146.9339,63.6094453179089,4.34703646148734,2.74297280848254,111.834850244374,10.6634087474611,0.216048571186031,131
5,C-NMPC,56,34082,1,0,100,2621.82889772727,3363.3962,79.2047464516104,4.14667310283461,2.3804834752987,115.139619902894,10.7473167791167,0.217763980888224,132
5,C-NMPC,57,34083,1,0,100,2620.87907185185,2788.5424,44.1955139257818,4.67725789704728,2.7506280050826,118.510758208218,12.6075421215364,0.230278804886661,135
5,C-NMPC,58,34084,1,0,100,2641.45923712121,3093.5898,82.4730676581847,4.3052977976454,2.33564500330245,115.481945645976,10.8865458640884,0.21842198685247,132
5,C-NMPC,59,34085,1,0,100,2622.39087686567,2765.0175,49.5198696246931,2.99153331772833,1.32931276554803,117.699338741349,10.6801287243452,0.22000699933036,134
5,C-NMPC,60,34086,1,0,100,2615.85004122137,2750.8027,46.2454739864859,4.4628714669987,2.55479780322625,114.10736719027,10.7821629152914,0.216653823175185,131
5,C-NMPC,61,34087,1,0,100,2621.15318951049,2761.3242,46.4430908870468,3.14000745957786,1.32308460422549,128.7,13.5996068168656,0.245139591844501,143
5,C-NMPC,62,34088,1,0,100,2616.68880610687,2755.942,45.5816031926828,3.90275387644309,2.02772448755803,115.508982739618,10.5067326671171,0.215398317456635,131
5,C-NMPC,63,34089,1,0,100,2610.28028676471,2780.645,41.2453033553565,4.57199397457959,2.62228042389994,118.752002207999,12.6458896705871,0.231713303700714,136
5,C-NMPC,64,34090,1,0,100,2618.13204632353,2791.5992,46.1422963206707,3.32442913476921,1.44189388460669,120.882770029087,11.9053744209614,0.228301390002058,136
5,C-NMPC,65,34091,1,0,100,2612.16100681818,2708.8988,39.1711845223676,3.38544784109416,1.57861559066059,116.412066378551,10.7916657392579,0.217999430476089,132
5,C-NMPC,66,34092,1,0,100,2620.51771895425,3126.303,72.7965381980379,3.51597070444151,1.69528467872267,129.697420156515,12.1434903229147,0.250859612543697,153
5,C-NMPC,67,34093,1,0,100,2618.10147142857,2824.3252,51.6730376957783,3.59762897774927,1.97702757719901,115.116795951775,11.4054999567391,0.222088129390489,133
5,C-NMPC,68,34094,1,0,100,2618.56339852941,2775.5131,46.3506202696041,3.13809842911888,1.45160466119249,120.762777363511,12.7971858921487,0.232464757085211,136
5,C-NMPC,69,34095,1,0,100,2616.47171240876,2850.9095,48.1863309349688,2.43460107895034,0.59438527912155,121.273396995618,13.0884692278915,0.235086813485116,137
5,C-NMPC,70,34096,1,0,100,2615.71537307692,3050.7256,58.8663507590821,3.36980592671056,1.73008146201387,113.534328047121,9.02728408031322,0.207193297842891,130
5,C-NMPC,71,34097,1,0,100,2623.31542105263,2782.0431,51.0448478111903,2.9999374149557,1.33329060599754,117.540892647532,11.1465615903823,0.220932386123112,133
5,C-NMPC,72,34098,1,0,100,2618.40989172932,2845.6879,53.2634999863586,3.69997596050863,2.08800770667664,115.617931571957,11.2612365946268,0.221425349746022,133
5,C-NMPC,73,34099,1,0,100,2615.50315298507,2826.2502,46.3393929303869,4.4231366502638,2.8021014913622,115.767343023482,10.7623226374294,0.220348029086164,134
5,C-NMPC,74,34100,1,0,100,2632.45484087591,3451.8895,95.0519943617274,4.2025277438757,2.4358735023579,120.939399380141,12.6187959672001,0.232885346226654,137
5,C-NMPC,75,34101,1,0,100,2611.53308181818,2755.4182,45.394640238676,3.22968138554664,1.45061573462379,122.867637385088,13.6018906926821,0.245020652749134,143
5,C-NMPC,76,34102,0,1,98.6111111111111,2581.59466388889,2731.4226,312.417243436714,2.97191424228743,1.33952416681759,63.9,5.29012513368421,0.116132441695925,72
5,C-NMPC,77,34103,1,0,100,2617.81575,3116.4568,72.4491133605597,3.38936233377086,1.80440166088117,115.50292384416,11.685159158837,0.222153117997263,132
5,C-NMPC,78,34104,1,0,100,2609.01777672956,2785.5744,48.0805378483841,3.39462074935006,1.69338896081676,136.412166746114,13.8896219433517,0.266665758275761,159
5,C-NMPC,79,34105,1,0,100,2613.25202781955,2843.5386,55.24202617885,3.25741560375159,1.42533502501177,117.305818545983,10.0316345465278,0.215718860206468,133
5,C-NMPC,80,34106,1,0,100,2612.93984580153,3015.0979,61.3618892637006,3.40992768360766,1.79282008736389,113.513546366741,10.9261081562633,0.217313057068281,131
5,C-NMPC,81,34107,1,0,100,2610.47751791045,2780.7811,44.2935901603501,3.24884176744748,1.23522458668009,116.895341656687,9.85191369043343,0.216120185355777,134
5,C-NMPC,82,34108,1,0,100,2623.50428248175,2899.8862,55.1337019005709,4.07602079785993,2.13054596631079,120.756146406855,12.989929437219,0.234614997434018,137
5,C-NMPC,83,34109,1,0,100,2614.63822205882,2751.5307,46.3900599839691,3.45320035194538,1.70128192216292,120.502275723926,12.736340153734,0.232174731639007,136
5,C-NMPC,84,34110,1,0,100,2630.74255034014,2792.1066,52.7242537013212,2.45058780412269,0.667223215016699,127.82027330037,11.9109296481106,0.242231507588246,147
5,C-NMPC,85,34111,1,0,100,2617.85990984848,2940.0179,61.1450883939512,3.83187949926669,2.06055434968063,113.436572560752,10.8159083385776,0.218046555962356,132
5,C-NMPC,86,34112,1,0,100,2609.1462962406,2743.1909,44.9385798891015,4.00339140632916,2.18958948933059,116.475924140145,11.2109552753231,0.221209530655933,133
5,C-NMPC,87,34113,1,0,100,2621.17329850746,2815.8307,51.0048794056963,2.94926178380782,1.17882984542243,118.128097417941,9.80086392816005,0.2159091046102,134
5,C-NMPC,88,34114,1,0,100,2618.87131278195,2857.4468,55.6696707919846,3.30634549279781,1.63789612283393,116.562426460282,10.0951345166043,0.215998975956842,133
5,C-NMPC,89,34115,1,0,100,2618.05642518519,2900.3945,51.6407221096007,3.23614155480443,1.23453721118066,119.070706509617,11.4587857100807,0.224924914660162,135
5,C-NMPC,90,34116,1,0,100,2611.00082442748,2757.0067,47.2359978708027,3.52756885229558,1.65982291498558,115.634619889672,11.1423684150235,0.218370436387094,131
5,C-NMPC,91,34117,1,0,100,2618.7339260274,2768.7539,47.7282322009478,3.75746257798861,1.81401452051262,126.843735531452,11.4020612466786,0.23858266435939,146
5,C-NMPC,92,34118,1,0,100,2613.86267535211,2804.4152,56.5214881162195,3.35749063897522,1.74748159967404,121.136895977486,13.0448830255472,0.241130170298207,142
5,C-NMPC,93,34119,1,0,100,2612.95561363636,2781.2583,47.4360804933338,3.17076681595386,1.42148045935869,117.441889279372,9.75322537096362,0.213171315423265,132
5,C-NMPC,94,34120,0,1,98.8505747126437,2601.88953333333,2830.7565,288.598321007855,3.60605127041704,1.77140112592054,77.4,9.73883090466652,0.155964252940371,87
5,C-NMPC,95,34121,1,0,100,2619.65667083333,2862.204,51.6583980445708,3.97201670805034,2.02124469084322,123.327949138043,13.2693204319613,0.244727303681261,144
5,C-NMPC,96,34122,1,0,100,2611.98047067669,2754.6843,48.2810593398848,3.04506239883953,1.340122249986,117.472683826733,10.9427233609436,0.219978654642589,133
5,C-NMPC,97,34123,1,0,100,2615.50769772727,2798.8069,50.1196158005529,3.58464638118941,1.85966457344866,114.829591151658,11.0944504180316,0.21937870135935,132
5,C-NMPC,98,34124,1,0,100,2606.27447480916,2765.584,45.2696713580947,4.22027741189904,2.40810287246984,112.798483770077,11.0076665043341,0.217678160785772,131
5,C-NMPC,99,34125,1,0,100,2616.95242867647,3313.0513,75.3963682422661,2.69106702668731,0.974797928638898,122.4,10.2739085265057,0.220713829830962,136
5,C-NMPC,100,34126,1,0,100,2622.08545407407,3822.7306,116.168597574172,2.94467509613943,1.0974698342294,119.354318977706,12.0364162466732,0.227629576951821,135
5,NP-ET-NMPC,1,35027,1,0,74.8148148148148,1956.55783037037,2763.8278,1140.27362054988,2.65755102672088,0.720937202878486,105.962863916437,11.0378485442663,0.222667251366041,135
5,NP-ET-NMPC,2,35028,1,0,75,1958.55943863636,2744.8282,1135.77319201809,2.20416871854464,0.627136559259929,102.007011577751,10.5970950308966,0.21677039498098,132
5,NP-ET-NMPC,3,35029,1,0,74.0458015267176,1936.84218244275,2788.3033,1151.9378737818,2.34545494749104,0.548699208648133,100.687598654912,9.05161752605464,0.208271486921187,131
5,NP-ET-NMPC,4,35030,1,0,74.6268656716418,1950.99866791045,2753.4853,1142.65002569169,3.70233610408918,1.72882829717595,102.222382878611,10.5183787492186,0.21890746352262,134
5,NP-ET-NMPC,5,35031,1,0,75.7352941176471,1978.07048970588,2752.8453,1124.5125208807,2.94930705220654,0.925693299786479,105.554940034348,10.7549824475026,0.222586797624573,136
5,NP-ET-NMPC,6,35032,0,0,97,2574.9007867,3099.1277,454.442629680529,3.41494208250932,1.60048400997105,92.0284070920457,9.31819748045215,1.29557436965755,1000
5,NP-ET-NMPC,7,35033,1,0,75.187969924812,1969.17305263158,2779.7422,1136.25524756524,3.43153131614595,1.4917827244668,103.141364153484,10.65835123804,0.218331756812223,133
5,NP-ET-NMPC,8,35034,1,0,75.5555555555556,1978.93937925926,2797.5683,1130.70273937472,2.53796522470698,0.703965311499475,103.412454149006,11.0903967033439,0.222856050565122,135
5,NP-ET-NMPC,9,35035,1,0,74.6268656716418,1951.94562089552,2799.5295,1143.19408025211,1.99287274861365,0.386663341979541,103.539183802263,10.7004250797771,0.219787142195263,134
5,NP-ET-NMPC,10,35036,0,1,54.4117647058823,1430.60419558824,2704.7008,1319.49978913674,1.9284663828055,-0.0866179302144587,47.5333194971085,5.67748322070172,0.112578253319817,68
5,NP-ET-NMPC,11,35037,1,0,77.8523489932886,2047.20755973154,2784.1052,1096.60097883736,3.37585678746589,1.57093111215271,117.202972889674,10.8125786561248,0.2393646993737,149
5,NP-ET-NMPC,12,35038,1,0,74.6268656716418,1955.06311716418,2823.3808,1145.20422728297,3.87303556545848,2.09735440354602,102.468282105845,10.7045145739008,0.219782448159479,134
5,NP-ET-NMPC,13,35039,1,0,75.3731343283582,1972.65509925373,2795.8066,1132.68287564954,3.39239297470626,1.75474712935961,103.976303062813,10.4865356025732,0.218797686541671,134
5,NP-ET-NMPC,14,35040,1,0,75.9124087591241,1986.80239343066,2784.5291,1124.07390966412,2.24306119111247,0.368329534547218,105.626100070586,11.6105313595457,0.227835014590684,137
5,NP-ET-NMPC,15,35041,1,0,74.8091603053435,1956.50263282443,2754.1619,1140.44117375376,1.79625440129177,0.100241203823028,100.847446486599,10.429218109111,0.21471040181893,131
5,NP-ET-NMPC,16,35042,1,0,75.3731343283582,1970.89426492537,2819.5334,1131.76747188925,4.34420383572897,2.11911745348919,102.47340975072,10.6902607972872,0.21971597660782,134
5,NP-ET-NMPC,17,35043,1,0,75.187969924812,1967.56027744361,2765.0113,1135.2998972724,3.57331466429151,1.62219177513076,101.999526596729,10.5856753839305,0.217966882582955,133
5,NP-ET-NMPC,18,35044,1,0,75.187969924812,1972.96765413534,3379.2801,1140.54010100501,2.43700893139255,0.646324893705029,103.461085641643,10.3299663956494,0.216804835399014,133
5,NP-ET-NMPC,19,35045,1,0,75.3731343283582,1978.51183507463,3225.6243,1137.82249343942,4.63076537607313,2.78070168029229,102.477115219487,10.511357059962,0.218880322921493,134
5,NP-ET-NMPC,20,35046,1,0,75.187969924812,1963.27684661654,2728.4216,1132.71032984231,2.71132911958348,0.8905910131196,103.625283428333,11.2689982500714,0.221195104472947,133
5,NP-ET-NMPC,21,35047,1,0,75.9398496240601,1984.91972481203,2801.3197,1122.30942637141,2.24286730422061,0.220493410070411,101.78824445849,10.9141896472615,0.219496818340174,133
5,NP-ET-NMPC,22,35048,1,0,74.6268656716418,1954.17160895522,2771.4082,1144.46718335818,2.73114686153817,0.952494187781481,102.246887929242,10.8094947076292,0.220267935485019,134
5,NP-ET-NMPC,23,35049,1,0,75.3731343283582,1970.91516791045,2766.3769,1131.56966292417,3.45627569524356,1.73513335648205,102.934528087121,10.8456402717583,0.22045206779842,134
5,NP-ET-NMPC,24,35050,1,0,74.4360902255639,1944.04258571429,2775.8963,1144.3663456813,2.3827941601666,0.410736812412887,103.480291781786,11.0519987398992,0.220178184724553,133
5,NP-ET-NMPC,25,35051,1,0,75.3731343283582,1968.02146940298,2743.3168,1129.88615606926,3.02520305847473,1.18040140577684,103.867853219311,10.8984265166091,0.220719395529287,134
5,NP-ET-NMPC,26,35052,0,1,54.4117647058823,1430.44682794118,2739.6412,1319.42620852295,1.74494230809814,-0.0777683673165523,47.5333194971085,4.84643314074687,0.108696062232028,68
5,NP-ET-NMPC,27,35053,1,0,75.3731343283582,1982.51031492537,2791.3914,1138.41850749745,3.1619232244623,1.30440003511923,104.386136961116,10.8084305138494,0.220310503047166,134
5,NP-ET-NMPC,28,35054,1,0,74.4360902255639,1949.91789699248,2788.5269,1147.87926618157,2.60991776187601,0.673697269853082,103.070135254803,11.3462086609528,0.221543450766272,133
5,NP-ET-NMPC,29,35055,1,0,75,1960.88742651515,2777.3597,1137.19796228208,2.69760721096147,0.802125825186242,102.199460997343,11.0270262482283,0.218783064607141,132
5,NP-ET-NMPC,30,35056,1,0,75.3731343283582,1974.12694552239,2891.4903,1133.51382104388,3.10162581813442,1.43095882489601,103.705006147216,10.9675070226113,0.22103848135493,134
5,NP-ET-NMPC,31,35057,1,0,75.187969924812,1961.60702030075,2735.9299,1131.7531251241,2.87073080551105,1.10194067468766,103.226016896272,10.8276532304711,0.219124520148927,133
5,NP-ET-NMPC,32,35058,1,0,74.6268656716418,1951.33506119403,2749.3558,1142.91619729352,3.49045750817333,1.75592149021598,102.946533147562,10.8720856569942,0.220575872305714,134
5,NP-ET-NMPC,33,35059,1,0,76.0869565217391,1994.50437246377,2781.2623,1123.19753086334,3.72558280998599,1.42558280998599,107.316371991599,10.6873344658087,0.224809927842472,138
5,NP-ET-NMPC,34,35060,1,0,75.9398496240601,1989.08070977444,2925.3673,1124.82923975978,3.80255708302132,1.95630209645262,101.587085547958,10.7610343147316,0.218776893945915,133
5,NP-ET-NMPC,35,35061,1,0,75.7352941176471,1979.56752647059,2751.2965,1125.46615477942,2.22218934035428,0.509147288946296,104.153246102265,10.8451390119768,0.222976808821713,136
5,NP-ET-NMPC,36,35062,1,0,75,1961.84984621212,2757.6505,1137.7079594778,4.07151249891082,2.18054199451511,101.785749155371,10.4570180805713,0.216111118570312,132
5,NP-ET-NMPC,37,35063,1,0,75.3731343283582,2041.21299701493,4191.2041,1208.36805878299,3.11700277219866,1.16793330902123,103.926744276043,11.33950927892,0.222781190837661,134
5,NP-ET-NMPC,38,35064,1,0,74.4360902255639,1950.42318721805,2785.5091,1148.10165597943,3.76061419592528,2.04278135754759,101.130081590587,10.7671862732335,0.218795476737134,133
5,NP-ET-NMPC,39,35065,0,1,55.0724637681159,1444.69853478261,2732.2192,1314.71471729881,1.74785482813539,-0.0100495297699583,46.7839056807193,6.01429244128158,0.11538497989559,69
5,NP-ET-NMPC,40,35066,1,0,75.5555555555556,1981.15295185185,2761.7899,1131.87159947752,4.39681692348661,2.40544596694955,104.164359560402,10.656024247462,0.220843619673216,135
5,NP-ET-NMPC,41,35067,1,0,75.3731343283582,1976.38652910448,2855.2718,1134.7922491885,3.39980000164879,1.82223587781707,103.377246136064,10.6493069543145,0.219544748908655,134
5,NP-ET-NMPC,42,35068,1,0,75.7352941176471,1921.98243897059,3004.9958,1094.99761981255,3.73556924818085,1.746138318259,105.208572611028,10.4299737664282,0.221060845731988,136
5,NP-ET-NMPC,43,35069,1,0,75.3731343283582,1881.36758955224,2649.5394,1080.06451180577,3.62142895633977,1.85789302646213,102.415910260067,10.8059140216323,0.220254964617944,134
5,NP-ET-NMPC,44,35070,1,0,75,1871.99421969697,2660.2497,1085.52761490794,2.62586498073268,0.884894680411828,101.834132575079,10.8310321663926,0.217859373844039,132
5,NP-ET-NMPC,45,35071,1,0,74.6268656716418,1861.59243134328,2655.9475,1090.15640637266,3.69749330582166,1.70557871148226,102.450188707132,10.789385367795,0.220178513935429,134
5,NP-ET-NMPC,46,35072,1,0,75.187969924812,1876.70663759398,2651.2925,1082.82593814437,2.85619888199731,1.07246964010248,103.549487630972,10.3500742122351,0.216900732116574,133
5,NP-ET-NMPC,47,35073,1,0,75.187969924812,1878.24048796992,2629.5061,1083.54092535004,3.62358614460245,1.76677172541649,102.218651228003,10.816088055459,0.219048108356203,133
5,NP-ET-NMPC,48,35074,1,0,74.8148148148148,1869.2207637037,2644.102,1089.18729709084,3.60070346115514,1.74320978981531,103.982100552668,10.6135154294983,0.220640992566271,135
5,NP-ET-NMPC,49,35075,1,0,75.7352941176471,1890.11761764706,2654.0828,1074.42519128513,3.45856918119054,1.72441855166382,104.189079064702,10.8469734593169,0.222986174599485,136
5,NP-ET-NMPC,50,35076,1,0,75.3731343283582,1885.07419925373,2909.6977,1082.69630176413,3.40305733259327,1.63586684291678,103.180547582817,10.9503972488769,0.220946899634292,134
5,NP-ET-NMPC,51,35077,1,0,75.5555555555556,1889.97984222222,2674.7115,1079.52854177473,2.96829454939766,1.16859337535048,107.427607827322,12.4682347434402,0.229381748189725,135
5,NP-ET-NMPC,52,35078,1,0,75,1878.86620757576,2648.4249,1089.48053172094,2.6331984739483,0.724416354642746,102.794787824553,10.1862128354123,0.214868494292321,132
5,NP-ET-NMPC,53,35079,1,0,75.5555555555556,1894.71111407407,2701.6766,1082.39832585592,3.28195701346922,1.297041171185,103.308156418628,11.0144694306585,0.222499044006808,135
5,NP-ET-NMPC,54,35080,0,1,54.4117647058823,1369.90399264706,2580.7968,1263.36809032313,1.82407872414854,-0.106717683525723,47.5333194971085,5.14343394647,0.11008348028162,68
5,NP-ET-NMPC,55,35081,1,0,75.5555555555556,1898.95275777778,2646.8822,1084.81155683745,2.43257119603576,0.432765600917678,105.480964354464,10.8540677565858,0.221798023664436,135
5,NP-ET-NMPC,56,35082,1,0,75.187969924812,1880.17391428571,2621.2575,1084.73951084801,1.97444032345179,0.316985233362228,102.400270455672,10.7291255123052,0.218645905030307,133
5,NP-ET-NMPC,57,35083,1,0,75,1872.44776969697,2627.2689,1085.67724260404,3.95378262644301,2.02413929956534,101.955843695537,10.342503607287,0.21557995226664,132
5,NP-ET-NMPC,58,35084,1,0,74.4360902255639,1857.74747969925,2628.9242,1093.43527790797,2.90151878083323,1.24559179788293,102.313684056257,10.3457673651242,0.216853150686267,133
5,NP-ET-NMPC,59,35085,1,0,75,1876.48566590909,2690.4694,1088.29049605926,4.11509004682076,2.09194347617762,102.586830611769,10.4509974797987,0.216100795573988,132
5,NP-ET-NMPC,60,35086,1,0,74.4360902255639,1855.39611578947,2627.1537,1091.96295207259,3.18790123988017,1.57833383010405,102.530336836797,10.7083050018848,0.218551533867083,133
5,NP-ET-NMPC,61,35087,1,0,75.3731343283582,1882.69740447761,2615.7709,1080.72260634598,3.84203159434248,1.84478714489808,103.072693961438,10.4152034296246,0.218444383188644,134
5,NP-ET-NMPC,62,35088,0,1,55.0724637681159,1375.85184492754,2568.3186,1251.89087164999,2.01510232162062,-0.00979302154301642,48.4333194971085,4.17695203168569,0.106838629051128,69
5,NP-ET-NMPC,63,35089,1,0,75.187969924812,1877.43481954887,2639.3442,1083.23436107515,4.52100227711441,2.74995221982221,101.613305374572,10.6026968481724,0.218037814443516,133
5,NP-ET-NMPC,64,35090,0,1,55.7142857142857,1394.99115857143,2590.6924,1252.81981589518,1.70521685746308,-0.169413095615974,49.2084469284487,5.21842584439031,0.112971024630221,70
5,NP-ET-NMPC,65,35091,1,0,75.187969924812,1876.5604556391,2621.8398,1082.58881590737,4.30824975741418,2.46281266312082,101.175866234609,10.4643357685272,0.217381749673111,133
5,NP-ET-NMPC,66,35092,1,0,75.187969924812,1880.41723007519,2681.0639,1084.85901304452,3.67758939882885,1.8851957449168,102.294422351008,10.7465477065272,0.218724939386069,133
5,NP-ET-NMPC,67,35093,1,0,75.187969924812,1878.22693458647,2649.3171,1083.64441435197,2.56417294224608,0.737828643754234,101.35412856995,10.7364764682683,0.21865699689856,133
5,NP-ET-NMPC,68,35094,1,0,75.187969924812,1881.56322781955,3237.4245,1087.44975850744,4.51075078162427,2.78926568634944,101.584936392049,10.4902513429456,0.217511902875837,133
5,NP-ET-NMPC,69,35095,1,0,75.5555555555556,1884.95355037037,2599.445,1076.58293665274,3.99421652568323,2.12002498108871,104.45823461242,10.6570001738934,0.220854709200543,135
5,NP-ET-NMPC,70,35096,1,0,75.3731343283582,1880.82900373134,2640.6059,1079.68014133932,3.63264026677951,1.65902308755857,102.992339183212,10.6070657859139,0.219338868819857,134
5,NP-ET-NMPC,71,35097,0,1,54.4117647058823,1358.49902794118,2542.0744,1252.78585123458,1.6928638387479,-0.21709580131374,47.3537398713887,5.76834499398389,0.112998716945229,68
5,NP-ET-NMPC,72,35098,0,1,55.0724637681159,1377.04000869565,2563.6632,1252.94106817741,1.84630989017342,-0.0843505325342846,48.4333194971085,5.48471491746998,0.112947749960434,69
5,NP-ET-NMPC,73,35099,1,0,75.3731343283582,1884.99705522388,2657.8286,1082.20004063589,2.19235179866222,0.538238464958548,102.336677789892,10.6454579984794,0.21950364504537,134
5,NP-ET-NMPC,74,35100,1,0,80,2011.47758529412,2627.5734,1009.45950750714,2.92602374922762,1.14893769631996,135.790955646891,11.063426618507,0.26719958399575,170
5,NP-ET-NMPC,75,35101,1,0,74.8091603053435,1868.57985954198,2635.0328,1089.04430476767,2.79234203723442,0.82199459843783,102.037370170563,10.2972976426323,0.214120587531198,131
5,NP-ET-NMPC,76,35102,1,0,74.6268656716418,1869.17310447761,2649.7573,1094.65266182111,3.24648777924702,1.62531964238353,102.323793339476,10.8286211766067,0.220358992427787,134
5,NP-ET-NMPC,77,35103,1,0,74.8148148148148,1869.11774518518,2633.4135,1089.03135491154,2.95322694640453,1.16022691422684,105.240858824448,10.8321843991823,0.221690461444978,135
5,NP-ET-NMPC,78,35104,1,0,75.5555555555556,1892.35138074074,2698.9797,1081.10524583769,2.22050137483448,0.261602421566118,103.683672471314,11.3439012790723,0.224046306156997,135
5,NP-ET-NMPC,79,35105,1,0,75.3731343283582,1882.56884925373,2627.8081,1080.66282528582,3.7396018017773,1.807064781533,103.15954397643,10.5531891384384,0.219090903571578,134
5,NP-ET-NMPC,80,35106,1,0,75.3731343283582,1882.8558119403,2616.5857,1080.88816192439,1.92869556811522,0.0862233407731487,105.348409337747,11.0186141529734,0.221313744734808,134
5,NP-ET-NMPC,81,35107,1,0,74.6268656716418,1860.46479477612,2612.8929,1089.34710226773,3.38530618859945,1.77236957429532,103.918614925703,10.6677708386533,0.219643032043042,134
5,NP-ET-NMPC,82,35108,1,0,75,1870.57217205882,2635.8543,1084.5207891627,2.70964709278187,1.00427272420707,104.281860192565,10.99053604081,0.223658878747301,136
5,NP-ET-NMPC,83,35109,1,0,75.187969924812,1873.72315714286,2615.6106,1081.01831039327,4.3664286638828,2.37281407053421,101.342320432303,10.4540850416529,0.217337563116884,133
5,NP-ET-NMPC,84,35110,1,0,75.187969924812,1879.19377443609,3101.5327,1085.62185142,2.14146619166671,0.288223821177215,102.925074550052,10.8598561146478,0.219268266014459,133
5,NP-ET-NMPC,85,35111,0,1,54.4117647058823,1358.57699852941,2537.5569,1252.87543217768,1.78319725769994,-0.026538697009119,46.6125335041453,5.51723344945797,0.111809196048909,68
5,NP-ET-NMPC,86,35112,1,0,75,1872.48448257576,2668.3689,1085.81571096097,2.19501741021857,0.364380129598975,101.72381351974,10.4873829660933,0.216251589616649,132
5,NP-ET-NMPC,87,35113,1,0,75.3731343283582,1879.16257462687,2622.298,1078.73299595472,2.71789882787657,1.01818562642011,104.03859883532,11.0999095049873,0.221664403264876,134
5,NP-ET-NMPC,88,35114,1,0,74.8148148148148,1869.97247481482,2617.6814,1089.57589351942,2.38867403709992,0.43995968386246,105.296167836485,11.0733770180996,0.222818404625362,135
5,NP-ET-NMPC,89,35115,1,0,75.187969924812,1873.35148496241,2651.7222,1080.77021397767,2.07539870492163,0.166536040025484,103.704579894929,11.3622079361139,0.221632289007162,133
5,NP-ET-NMPC,90,35116,1,0,75.3731343283582,1879.99994626866,2654.0709,1079.17528508795,4.51682931237068,2.59963936009181,102.222717787262,10.5234542799478,0.218931180944299,134
5,NP-ET-NMPC,91,35117,1,0,75.3731343283582,1882.5157619403,2616.8418,1080.60978064153,4.7234626934209,2.77150089236956,102.389109573661,10.6191458923247,0.219381895071655,134
5,NP-ET-NMPC,92,35118,1,0,75.5555555555556,1885.57556888889,2644.8691,1077.05703437827,2.00822697233917,0.18833389406846,104.006692809637,11.2251199380677,0.223498605836616,135
5,NP-ET-NMPC,93,35119,1,0,75,1870.17337121212,2653.0249,1084.50241650168,2.36843340983636,0.495584874032917,102.688663409208,11.0938200679929,0.219105958329892,132
5,NP-ET-NMPC,94,35120,1,0,74.6268656716418,1863.34655373134,2633.8234,1091.15784404894,1.95913619200015,0.0238245192080531,105.3834466954,9.9692215845946,0.216412360916187,134
5,NP-ET-NMPC,95,35121,1,0,74.6268656716418,1863.94833880597,2653.4017,1091.5214492224,4.46502438765553,2.81688144064841,102.710435698708,10.4933507072447,0.218801392430481,134
5,NP-ET-NMPC,96,35122,1,0,75.3731343283582,1877.85638059702,2632.7418,1077.79721204311,2.09821082641263,0.14869586136884,103.289024131072,11.2835523720994,0.222505620585593,134
5,NP-ET-NMPC,97,35123,1,0,75,1869.96584090909,2616.313,1084.20788688898,2.35632244249025,0.513661594362568,101.914493737872,10.7428577299926,0.217449259066188,132
5,NP-ET-NMPC,98,35124,1,0,75.5555555555556,1889.27903555556,2647.9928,1079.20888183048,4.3333967787357,2.39934083920556,104.427356355865,10.7517876371867,0.221296815881306,135
5,NP-ET-NMPC,99,35125,1,0,75.187969924812,1877.68500977444,2626.7847,1083.26382494487,4.38160981937166,2.53803626304952,101.233719174339,10.4648878312962,0.217385614215787,133
5,NP-ET-NMPC,100,35126,1,0,75.7352941176471,1895.70736470588,3002.7826,1078.49138207184,3.35675020405722,1.57205911294655,105.449655059392,10.7904231440978,0.222750016641129,136
5,SE-ET-NMPC,1,36027,1,0,81.294964028777,2020.93602374101,2681.5718,973.73945826773,3.6387699427869,1.63854865528582,112.912394796013,12.7389786489555,0.23576839316035,139
5,SE-ET-NMPC,2,36028,1,0,78.4722222222222,1955.83090138889,2644.645,1028.87719949801,3.5889489284154,1.82014504402055,113.87853046453,13.4991673994288,0.245591030290512,144
5,SE-ET-NMPC,3,36029,1,0,77.4436090225564,1921.99291879699,2594.3135,1041.63287630293,4.79473461876479,2.98118847380982,105.263299731806,10.887543539025,0.219449566399358,133
5,SE-ET-NMPC,4,36030,1,0,77.2727272727273,1914.30957045455,2591.5727,1042.59926766196,4.24671882740811,2.50699813012771,103.299527877517,11.3635046923249,0.220379345555234,132
5,SE-ET-NMPC,5,36031,1,0,81.25,2025.59487986111,2759.4555,977.768579376011,3.65519051919037,1.73004666925349,115.41254043004,12.7816938186924,0.242273492816559,144
5,SE-ET-NMPC,6,36032,1,0,77.4436090225564,1919.97483007519,2621.764,1040.61727576991,4.24606093006105,2.48285942468381,106.401225682545,11.9983949822946,0.22466411681341,133
5,SE-ET-NMPC,7,36033,1,0,77.6923076923077,1933.08091769231,2629.6035,1040.65426812707,2.9033946059151,0.897567005641847,103.320167260497,9.43989050090525,0.208893777913986,130
5,SE-ET-NMPC,8,36034,1,0,78.1954887218045,1944.57276691729,2636.4467,1031.49642352731,3.18499341805069,1.50309603153094,106.730519493162,10.3779610777171,0.217101693213691,133
5,SE-ET-NMPC,9,36035,1,0,78.8321167883212,1961.35289270073,2601.4551,1020.64114383542,3.29464593662651,1.52567957977974,108.831371008446,10.4681324335568,0.222569607850914,137
5,SE-ET-NMPC,10,36036,1,0,75.5725190839695,1875.50961450382,2595.7532,1070.90953521026,3.5720152222123,1.77852412912445,102.391967553067,10.974883508398,0.217293761445966,131
5,SE-ET-NMPC,11,36037,1,0,78.030303030303,1933.57591742424,2601.085,1030.37067229099,4.37060525934569,2.68602780725078,103.043052431781,11.0241700697033,0.218788468649495,132
5,SE-ET-NMPC,12,36038,1,0,77.6119402985075,1925.49341119403,2621.9727,1038.63579020304,3.75701556011706,2.11546881482275,105.08692670569,10.8800603883149,0.220660689994747,134
5,SE-ET-NMPC,13,36039,1,0,79.1044776119403,1958.98745074627,2605.9624,1011.13269434038,3.95322939992568,2.32257047217719,106.68604062477,11.1474827570303,0.221945470353472,134
5,SE-ET-NMPC,14,36040,1,0,75.5725190839695,1875.53820076336,2655.3326,1071.09578295057,3.0563200594001,1.29020115579933,102.261461913155,9.46099455584928,0.210218837213728,131
5,SE-ET-NMPC,15,36041,1,0,76.8115942028985,1908.50082826087,2996.4449,1053.84191810814,3.15526736660284,1.36600750136721,108.749832441447,12.7781806670827,0.23460902120223,138
5,SE-ET-NMPC,16,36042,1,0,79.4117647058823,1972.86515941176,2639.4904,1008.21096459134,3.11065514431719,1.26887153244529,137.360915174806,16.6067884998146,0.293129891059368,170
5,SE-ET-NMPC,17,36043,1,0,79.4326241134752,1965.01101985816,2634.0345,1004.25074634209,3.03800161210861,1.34808981673417,111.873088125754,12.3953365138717,0.236639997768389,141
5,SE-ET-NMPC,18,36044,1,0,77.4436090225564,1916.04559323308,2606.3355,1038.70632846623,3.15998733393951,1.31183114918566,106.759396796815,10.9329759711199,0.219695047362161,133
5,SE-ET-NMPC,19,36045,1,0,77.2058823529412,1905.13802867647,2608.6582,1039.5362736146,4.28120746065327,2.36000870349972,105.672352953969,12.6177099232629,0.231291005151616,136
5,SE-ET-NMPC,20,36046,1,0,79.136690647482,1952.11149136691,2588.4495,1006.41007719741,3.85784416124367,1.99365432858545,109.461018029676,13.2453111815184,0.238056992158134,139
5,SE-ET-NMPC,21,36047,1,0,80.1418439716312,1980.40209078014,2583.0573,989.933173068923,1.96962007869222,0.294066121939504,115.50903968191,13.5710397301744,0.242213010288016,141
5,SE-ET-NMPC,22,36048,1,0,78.7878787878788,1946.71122651515,2626.9408,1014.4565317971,2.97999073046187,1.29525793736289,106.993388226193,10.0621105931488,0.21438206176318,132
5,SE-ET-NMPC,23,36049,1,0,77.7777777777778,1915.65046222222,2571.2651,1028.09478171024,4.57578978808688,2.68542860302975,108.439101780751,12.4422271310149,0.229282733129377,135
5,SE-ET-NMPC,24,36050,1,0,78.6764705882353,1944.05801102941,2584.4335,1016.31815397359,4.475168266402,2.87504423732816,108.478949049593,12.8025212727172,0.232216706971907,136
5,SE-ET-NMPC,25,36051,1,0,76.6917293233083,1893.17497819549,2734.6521,1048.32596142464,3.92842591820542,1.91693382366106,104.486441255773,11.154922140818,0.220681342917473,133
5,SE-ET-NMPC,26,36052,1,0,78.9473684210526,1947.40649548872,2565.6607,1009.81311425858,3.26131667057681,1.59361896641225,108.006597549335,11.5367495171882,0.222543247928215,133
5,SE-ET-NMPC,27,36053,0,1,56.9444444444444,1416.90165694444,2586.9412,1240.95648211134,3.32326561561425,1.38732572646071,51.1333194971085,6.30992498045316,0.120612659826084,72
5,SE-ET-NMPC,28,36054,1,0,79.3548387096774,1966.35026645161,2630.234,1006.89677637243,2.07683331529791,0.493444788922357,123.338668741044,13.780951890247,0.260867591706939,155
5,SE-ET-NMPC,29,36055,1,0,79.7202797202797,1970.2659965035,2619.7573,997.846423727701,2.97524675639496,1.3117187946542,112.086481135144,12.8301348355534,0.241175869137977,143
5,SE-ET-NMPC,30,36056,1,0,76.4705882352941,1898.4360375,3196.1621,1059.61654666474,3.44292714492727,1.75936857338866,106.573288109005,12.6491445293067,0.231457870449644,136
5,SE-ET-NMPC,31,36057,1,0,78.030303030303,1925.93298181818,2608.2633,1026.34467728265,4.07777318364695,2.38891214870761,104.962659735734,10.857312427474,0.218051663032311,132
5,SE-ET-NMPC,32,36058,1,0,77.9411764705882,1928.45620661765,2647.7606,1030.28928861916,3.92238824088861,1.93373985313085,108.805966561963,12.6151270376588,0.231348575243964,136
5,SE-ET-NMPC,33,36059,1,0,76.6423357664234,1894.0674540146,2580.1851,1049.94920425509,4.24463857865809,2.38204245667085,105.891723244755,12.7366585741656,0.233101540173327,137
5,SE-ET-NMPC,34,36060,1,0,75.9398496240601,1876.77739473684,2603.8516,1060.82317311231,2.76003366451405,1.17487680759296,103.78921042513,10.5476964554665,0.217829237483158,133
5,SE-ET-NMPC,35,36061,1,0,78.0141843971631,1931.10839503546,2634.8005,1029.43245893504,3.28781925271593,1.66386645949966,110.14160494621,12.9789034787252,0.239327611757357,141
5,SE-ET-NMPC,36,36062,1,0,78.9115646258503,1955.89427210884,2713.2892,1015.16897966419,3.08162457525292,1.20981252013432,119.217012711604,11.1153199293229,0.238323690047555,147
5,SE-ET-NMPC,37,36063,1,0,78.6206896551724,1951.05242413793,2623.4125,1021.66075635792,4.1906959674805,2.28890888538844,111.566779822538,12.8280233533953,0.243654456581838,145
5,SE-ET-NMPC,38,36064,1,0,76.7441860465116,1897.86162945736,2609.0126,1049.37827459641,3.40949976448326,1.68395801516914,101.20991709004,9.05432694920256,0.205795750874228,129
5,SE-ET-NMPC,39,36065,0,1,56.9444444444444,1425.12245277778,2642.5204,1248.2901181063,3.23922202220614,1.32216918426008,51.1333194971085,6.19345682262145,0.120068587145928,72
5,SE-ET-NMPC,40,36066,1,0,77.8625954198473,1927.05619465649,2625.2195,1032.09054198646,3.9397487605336,2.17879091842348,103.800212044928,11.0219107912827,0.217544740360911,131
5,SE-ET-NMPC,41,36067,1,0,76.6917293233083,1895.07234210526,2628.3888,1049.13274015508,4.54444522046881,2.83211942819385,103.744305270143,11.3133507360982,0.221404938873205,133
5,SE-ET-NMPC,42,36068,1,0,77.3049645390071,1960.8115141844,2789.7304,1068.43263393888,3.1340537076852,1.45916231177847,108.515587182614,12.3222952403058,0.23622417954409,141
5,SE-ET-NMPC,43,36069,1,0,75.7575757575758,1882.82244545455,2635.9906,1069.80585620736,4.84788611025057,2.9134660947451,101.479664302099,10.8064123480714,0.217736487048577,132
5,SE-ET-NMPC,44,36070,1,0,78.0141843971631,1942.88896241135,3237.7229,1037.78541201689,3.80819500677359,1.9382764054578,107.716866679877,13.45457283013,0.241495784083477,141
5,SE-ET-NMPC,45,36071,1,0,78.8321167883212,1948.19268832117,2564.1749,1013.61082961545,3.87723964297946,2.26825588941651,107.897109208598,12.6517773834549,0.232749587886394,137
5,SE-ET-NMPC,46,36072,1,0,80.1470588235294,1981.20765367647,2597.4461,990.258079389055,3.69160714535267,2.06232264726594,109.835002240281,12.6471154988541,0.231520874515066,136
5,SE-ET-NMPC,47,36073,1,0,77.7777777777778,1923.79483925926,2704.7211,1032.77391659424,4.28460032739788,2.50537859680092,105.168532358266,11.6928069460413,0.225709190944786,135
5,SE-ET-NMPC,48,36074,1,0,78.9473684210526,1948.69400902256,2572.3198,1010.54365621265,4.44712835219545,2.47945790852089,104.52270063267,10.7656146353235,0.218863526477166,133
5,SE-ET-NMPC,49,36075,1,0,77.9411764705882,1928.36473455882,2601.0371,1030.15024591878,4.22005842189659,2.56776807358818,104.48897193523,12.6027029670468,0.231194603871607,136
5,SE-ET-NMPC,50,36076,1,0,77.2058823529412,1914.92828602941,2577.9335,1044.74763580635,2.8992396044727,1.15011843355076,107.646580037715,11.7574021770205,0.22731601067857,136
5,SE-ET-NMPC,51,36077,1,0,79.136690647482,1959.12096978417,2598.8696,1009.9983695893,3.70081736454604,2.08512758601567,111.883781423812,12.6633857072337,0.235392408057654,139
5,SE-ET-NMPC,52,36078,1,0,79.7101449275362,1975.42941304348,2637.5572,1000.86480904452,3.65276629244361,1.78706714309444,113.700223775799,12.4621304399694,0.233242623837605,138
5,SE-ET-NMPC,53,36079,1,0,77.9411764705882,1929.11095441176,2589.325,1030.5594167111,3.62884551472149,2.0393728990746,109.304113209762,12.7263512016558,0.231879220906999,136
5,SE-ET-NMPC,54,36080,1,0,80.1324503311258,1991.12277880795,2622.4517,995.680854387578,3.09189314994913,1.26526104521628,120.971675084919,13.2480679440249,0.253325662556276,151
5,SE-ET-NMPC,55,36081,1,0,78.0141843971631,1932.19815177305,2631.1783,1029.96364910731,3.47849217506423,1.56020481903192,107.877353803949,12.3726268860884,0.236445117268275,141
5,SE-ET-NMPC,56,36082,1,0,79.3893129770992,1959.17091908397,2588.9191,1002.54963770574,3.4511789387283,1.66520392054686,105.278808591862,10.9079103583012,0.217045053182169,131
5,SE-ET-NMPC,57,36083,0,1,61.1111111111111,1522.43747777778,2700.457,1223.53027379797,2.71185021397777,0.898466673581298,53.7361719302177,6.69190320980263,0.122454885005511,72
5,SE-ET-NMPC,58,36084,1,0,82.5503355704698,2059.55388590604,2941.576,952.012822929394,3.71803224307457,1.71249683184508,120.676550315892,12.7750460866962,0.24860941640884,149
5,SE-ET-NMPC,59,36085,1,0,75.7575757575758,1878.71796666667,2906.88,1068.01943759485,3.56901906294319,1.87862606427928,103.557234951935,10.8624313608452,0.218044344102055,132
5,SE-ET-NMPC,60,36086,1,0,78.6764705882353,1945.19336102941,2680.4801,1016.93633678269,4.11704725611808,2.10779242286546,107.449882638369,13.0406824432097,0.233306391725878,136
5,SE-ET-NMPC,61,36087,1,0,77.0992366412214,1906.99826412214,2639.1411,1043.94318372238,3.47459658825689,1.59479128445098,105.011391780929,9.62680314802366,0.211054509761217,131
5,SE-ET-NMPC,62,36088,1,0,77.6119402985075,1916.54079626866,2572.6879,1033.57404934324,3.27046350788212,1.4482187601621,107.288443306769,10.5667323377047,0.219245922978031,134
5,SE-ET-NMPC,63,36089,1,0,77.4436090225564,1918.79036766917,2696.3775,1040.21271160088,4.12996331229965,2.38871965753208,105.235855049198,11.3770588670679,0.221735692407094,133
5,SE-ET-NMPC,64,36090,1,0,77.3049645390071,1911.34660780142,2580.246,1039.69366372431,3.30820481252149,1.57732191370524,108.798715910658,13.7068658305795,0.242698393908166,141
5,SE-ET-NMPC,65,36091,1,0,78.030303030303,1931.04588863636,2581.603,1029.1030892306,2.86284707387702,0.884463365087698,106.254283595202,10.5039970840344,0.216429878394677,132
5,SE-ET-NMPC,66,36092,1,0,76.1538461538461,1884.09156461538,2597.7223,1058.89347441266,2.76956942252938,1.1115675851873,101.457886661673,9.35161990171913,0.208440044101624,130
5,SE-ET-NMPC,67,36093,1,0,77.4436090225564,1915.53054962406,2614.8529,1038.29569363648,4.14100998145595,2.24769693095016,103.740126413797,11.0070375354795,0.219973925772555,133
5,SE-ET-NMPC,68,36094,1,0,80.3030303030303,1984.65627878788,2643.6949,987.282125965544,2.76531619304684,0.815324725538406,108.167475152702,11.5140870687174,0.221190956976783,132
5,SE-ET-NMPC,69,36095,1,0,78.1954887218045,1930.58444135338,2594.4648,1023.80326003646,4.55975737698411,2.71892406126621,104.29811925983,10.8362340254953,0.219188429216937,133
5,SE-ET-NMPC,70,36096,1,0,77.7777777777778,1922.44280592593,2587.1478,1031.91007948597,4.25950604923938,2.39137799672605,106.560185893865,12.6327767524096,0.23013111838866,135
5,SE-ET-NMPC,71,36097,1,0,77.2413793103448,1913.49183517241,2595.8312,1042.79781663198,3.73622681891081,1.78635893374182,111.982190085455,13.660712525503,0.247553535910717,145
5,SE-ET-NMPC,72,36098,1,0,80.2721088435374,1989.51759931973,2627.6167,990.25511964352,2.94986766266778,1.36828706862018,119.319240302472,12.686505299412,0.245665642000642,147
5,SE-ET-NMPC,73,36099,1,0,77.6119402985075,1917.08381119403,2578.0127,1033.88661388275,4.19111989143578,2.50111639910414,104.316925286588,12.0451133385728,0.226086040491162,134
5,SE-ET-NMPC,74,36100,1,0,78.2352941176471,1943.15592647059,3047.504,1029.52670142499,3.00054519269952,1.4224574564703,132.03036429258,15.7087018352673,0.288816086668711,170
5,SE-ET-NMPC,75,36101,1,0,77.7777777777778,1922.53551037037,2662.0669,1032.08685676784,3.62817542094045,1.98552373731302,108.220387998698,12.840987066229,0.231140651377609,135
5,SE-ET-NMPC,76,36102,1,0,76.865671641791,1901.5050619403,2618.6448,1047.67043077477,4.79203093289244,3.08328338167923,102.633165483616,11.1573674899499,0.221901582285227,134
5,SE-ET-NMPC,77,36103,1,0,76.3358778625954,1887.15593206107,2629.6472,1055.15543895361,4.16135393134095,2.42064490748804,100.747621972412,10.9577428730523,0.217177149179376,131
5,SE-ET-NMPC,78,36104,1,0,77.6119402985075,1920.70499179104,2596.0937,1035.91808106532,4.23234163965199,2.29565107341908,103.547658831053,11.7219242773164,0.224559191066312,134
5,SE-ET-NMPC,79,36105,1,0,79.136690647482,1961.71601726619,2588.622,1011.42633118437,2.55521164365965,0.782521599838505,112.633347448065,11.6009463957897,0.230445955725527,139
5,SE-ET-NMPC,80,36106,1,0,78.6259541984733,1940.65607328244,2580.8764,1016.04384510949,4.08781223898084,2.10743861842911,104.597745027075,10.9982185988412,0.217451786931379,131
5,SE-ET-NMPC,81,36107,1,0,77.4436090225564,1920.10190300752,2608.3671,1040.91317255911,3.5269267677749,1.67327751750808,106.472851494946,10.9963437147681,0.219984697576971,133
5,SE-ET-NMPC,82,36108,1,0,76.6917293233083,1897.17043458647,2593.1283,1050.34600150502,3.06483505990988,1.38592264684718,105.154267443985,12.0280654902964,0.22477501028914,133
5,SE-ET-NMPC,83,36109,1,0,76.3358778625954,1886.48528778626,2607.961,1054.85742588367,3.66760763366273,2.0257212760918,100.606661387334,10.435185863277,0.214732928976265,131
5,SE-ET-NMPC,84,36110,1,0,78.030303030303,1932.24724166667,2597.6858,1029.74016376828,3.48465746279995,1.60683115493781,104.174615325726,10.5912881672672,0.216791437604488,132
5,SE-ET-NMPC,85,36111,1,0,77.3722627737226,1914.25684379562,2603.9393,1039.50451470544,4.51544471070199,2.73778534618599,106.940856502153,12.8328730563884,0.233574313326954,137
5,SE-ET-NMPC,86,36112,1,0,76.9230769230769,1894.76088461538,2550.9284,1042.14850206324,3.28452350442616,1.50249725774825,103.756604233296,9.33149861831833,0.208397131576154,130
5,SE-ET-NMPC,87,36113,1,0,81.437125748503,2023.1661497006,2607.4234,969.742683470877,3.30710367167333,1.28548253361254,135.706814440988,16.2394883517629,0.287627316859384,167
5,SE-ET-NMPC,88,36114,1,0,76.6917293233083,1897.46855413534,2682.3061,1050.68419230637,3.70835429002254,1.69613002599968,104.706007547657,11.0979424416693,0.22042004557381,133
5,SE-ET-NMPC,89,36115,1,0,78.1954887218045,1935.48296240602,3254.6555,1028.8597209531,3.93013948978075,2.14036474003633,106.646481063254,11.5940218200308,0.222780566589264,133
5,SE-ET-NMPC,90,36116,1,0,78.0141843971631,1928.09509858156,2638.1183,1027.88885619306,3.5916755248921,1.77554482432238,111.364854082222,13.6077406846165,0.242292363161869,141
5,SE-ET-NMPC,91,36117,1,0,78.030303030303,1927.40731212121,2760.5099,1027.59115863121,4.03841522256027,2.18715646690655,104.430245903818,11.0182658744171,0.218791714144544,132
5,SE-ET-NMPC,92,36118,1,0,77.2058823529412,1903.28900588235,2579.1862,1038.44991724395,3.80204957794509,2.13577289077472,106.489835516527,12.6982792543811,0.231685545306151,136
5,SE-ET-NMPC,93,36119,1,0,77.9411764705882,1920.29492352941,2615.8544,1025.85541872878,3.34334360799433,1.44112693035195,108.109544604736,11.5035431601753,0.226140414515654,136
5,SE-ET-NMPC,94,36120,1,0,78.7878787878788,1941.72695757576,2599.946,1011.91693554496,3.86302633347216,1.92413068473401,106.787757519987,10.4444750222965,0.21616368031095,132
5,SE-ET-NMPC,95,36121,1,0,78.7878787878788,1942.93072045455,2615.0333,1012.6294812407,3.42110222335516,1.64260496643783,103.770376399188,10.0786621134406,0.214387758522927,132
5,SE-ET-NMPC,96,36122,1,0,76.865671641791,1896.6039141791,2587.1766,1044.95390212291,4.24051588752434,2.454233147594,103.993555256561,11.0137218814569,0.221260782969396,134
5,SE-ET-NMPC,97,36123,1,0,79.7202797202797,1968.28438461538,2636.8562,996.853914648232,3.43645631440349,1.78875773607693,116.448140148308,13.0811266270382,0.242445285119762,143
5,SE-ET-NMPC,98,36124,1,0,78.1954887218045,1930.7498112782,2634.5781,1023.97397122726,3.05126163975029,1.16311978342887,107.286801322456,10.7223683363939,0.21872292894051,133
5,SE-ET-NMPC,99,36125,1,0,77.2727272727273,1905.81411818182,2601.2834,1037.9890954931,4.01245831811037,2.33022270958161,103.35461297539,11.2679678838258,0.219934276291674,132
5,SE-ET-NMPC,100,36126,1,0,78.3582089552239,1931.42462238806,2634.78,1019.36386174054,4.2185496992326,2.36722087465895,105.19546184838,11.1373140771478,0.221864844118926,134
